4,12122
4,11076
4,12480
4,11320
4,18627
5,11059
1,38919
4,23029
5,12842
4,21441
2,16938
3,21233
1,20509
1,1082
1,6000
1,5495
1,6622
1,6864
1,5817
1,6289
1,5627
1,6169
3,23379
5,11007
3,1259
4,21823
4,9602
4,11617
4,12581
1,23704
4,21267
4,11082
5,473
2,1652
1,2564
4,2102
1,27678
4,554
2,1521
3,14734
3,2768
3,1822
3,6220
2,8138
4,11116
4,11090
5,980
3,7444
4,4380
4,11123
4,11097
3,11896
1,26487
5,8396
1,2552
3,2220
1,2770
1,31332
1,29095
4,5145
5,5693
5,12974
3,23762
1,30683
5,12808
5,11039
4,20342
2,16818
1,25709
3,21868
4,20326
5,13882
4,19088
4,20829
1,25864
4,18603
2,1292
5,13312
2,1334
3,22111
3,21888
5,13246
1,25851
2,1376
2,16748
2,1418
5,12604
4,15364
4,22181
4,20613
1,21516
4,5380
1,2789
4,21677
2,16211
1,12314
3,11899
1,2926
5,8856
4,8370
4,7119
1,23335
3,23376
1,25848
1,26200
4,9694
4,19074
4,9700
1,3319
4,6056
4,20391
5,9979
4,21034
3,14741
1,25698
3,21440
1,10587
3,14862
3,21486
1,28526
4,6195
1,10742
4,16531
4,18925
4,18897
4,20878
1,3610
4,4920
3,23749
1,29079
1,25513
1,4080
4,19606
1,30968
4,16822
3,15013
4,6437
1,28215
1,25845
4,6464
1,4225
1,12277
3,15128
4,19223
1,17291
3,296
2,16088
3,21450
3,15243
1,30669
1,4369
4,6551
4,4385
4,22226
5,12856
1,4428
3,15246
1,29311
1,29492
3,23457
4,6641
1,25947
1,26028
4,16652
4,20307
1,4431
3,23731
5,12792
3,15249
4,7028
5,1121
5,1281
3,15446
4,7186
1,4434
4,13808
4,21577
5,1381
5,1542
5,1495
1,28046
1,2920
1,25552
1,25641
1,3313
4,20265
5,1966
1,3448
1,25649
4,3054
4,6265
4,399
4,24029
4,24100
4,4188
4,6459
4,4317
4,14746
4,6695
4,18525
5,9761
3,2353
4,6585
2,3562
4,20277
4,23396
4,21781
4,21921
4,6795
4,6994
4,7215
4,14981
4,7130
4,15157
4,22060
4,7416
4,7378
4,7324
4,1830
4,18688
4,7542
4,7598
4,19002
4,7669
4,15324
4,23019
4,15338
4,23168
4,21635
1,3872
4,7904
4,7929
1,3952
4,8011
4,8086
4,8150
4,8295
4,8253
1,4144
1,26311
4,15441
1,26506
1,25977
2,1854
1,3605
4,8389
1,25751
4,8455
4,1949
4,18858
4,19283
1,27283
4,8502
1,7816
4,20764
4,6621
1,13573
2,1864
1,23330
1,25585
1,4635
4,21368
1,30994
1,24740
1,24689
1,23304
1,13739
1,31611
5,10930
3,23340
5,11020
3,22131
4,19726
4,16754
3,23402
2,16809
3,18958
3,22257
3,23049
5,11690
2,14895
3,19948
1,21805
4,17067
5,11296
2,14501
3,20166
1,22023
4,17285
5,11514
2,14719
3,20678
1,22535
4,17797
5,12025
2,15230
3,20343
1,22200
4,17462
4,22421
1,5288
4,21415
3,14739
1,25696
3,21479
2,2606
1,1084
3,21857
1,30672
3,2359
4,21963
1,23911
4,19146
4,22429
5,483
4,20823
4,21241
3,14368
4,22174
4,2130
5,1276
4,827
3,6415
3,1840
3,2773
4,9611
2,1662
1,2574
3,7508
1,4604
4,19980
3,21708
4,19887
4,21060
4,19632
3,22899
4,9480
1,29314
1,29541
5,13357
5,13488
3,22702
1,30897
1,28198
1,28060
1,26497
1,20348
1,25426
2,16874
1,24259
3,22611
4,20476
5,13299
2,17203
1,27665
1,31157
1,21508
1,7713
1,10259
1,25097
1,31606
1,27660
2,14116
3,22434
4,19172
3,21170
1,39346
5,12671
1,29187
1,13278
1,30164
1,24394
1,25200
1,25181
1,23325
4,16455
4,22256
4,18753
1,21523
2,16078
4,22234
4,18731
1,23032
1,30332
1,30055
1,29264
1,29132
1,26264
2,16223
1,12376
5,12955
1,29495
4,22332
1,31254
1,29082
1,13405
1,26649
1,26464
1,25893
3,21632
3,22823
1,39436
4,19236
4,19643
1,31725
4,15996
3,22103
1,31386
1,29510
1,29156
1,30430
1,28996
1,31502
1,39234
2,18100
2,17696
5,14306
5,14378
4,19990
4,21512
5,13949
1,30976
5,14084
1,23221
2,513
4,19617
1,31507
2,16985
1,8384
2,12211
1,29293
1,30577
1,27822
1,21568
4,16663
4,20175
4,16834
4,19872
1,23140
1,35800
3,24304
4,19154
4,19898
4,21067
4,21045
3,19690
2,17390
3,23648
4,24374
1,30552
1,30449
1,28656
1,30308
1,30137
1,29048
1,27303
1,28364
3,21481
3,21779
4,20400
1,31343
1,9555
3,19715
1,28345
1,8303
1,10453
4,21685
4,16544
4,18938
5,13101
1,27396
2,16016
3,23511
4,18910
1,31061
3,23135
4,22473
2,14220
3,22543
1,28597
2,17359
2,17457
1,10651
2,18031
4,18327
1,27457
4,20702
4,22499
1,10758
1,11154
3,21573
1,30261
4,20891
1,25954
1,26035
5,13829
1,27078
2,18387
2,17848
2,18211
2,17785
1,4500
4,21278
1,39509
1,26899
1,27083
1,27268
2,11867
2,937
1,27028
1,27212
4,21252
1,28535
1,26176
1,28559
2,733
2,18462
1,26203
1,28928
1,9738
5,13076
5,13700
3,24392
3,23317
1,10766
1,11162
4,21895
3,21185
4,9697
4,2140
4,11262
1,4629
5,500
3,21194
4,14029
5,518
4,2183
4,22321
1,5374
4,15154
1,6002
1,7607
1,7580
1,7447
1,7241
1,7552
1,5497
1,5453
1,24779
1,6624
1,6866
1,5819
1,6291
1,5629
1,6171
5,532
1,8479
4,20820
1,26173
4,15220
1,16695
1,7038
4,22488
1,27450
1,8407
1,23210
4,15284
4,16447
4,18723
1,7195
4,22037
4,15315
1,24812
1,7955
1,26271
5,12789
4,15318
1,8308
4,19859
4,19293
4,15562
4,15321
1,9298
3,21255
4,15438
4,21505
1,9699
3,23736
4,12171
4,12130
4,12032
4,12165
4,12497
4,22425
1,27394
3,23734
2,6899
2,2608
3,2420
4,22102
1,2591
5,1537
4,896
5,546
1,1086
2,1693
4,2215
1,28585
3,1878
4,7321
3,21854
4,20468
1,9772
4,16170
4,22465
5,558
1,10458
3,23381
1,10525
5,569
5,12963
1,10656
5,578
4,21630
1,11016
5,12795
1,11308
4,23507
1,24328
1,11515
3,23462
1,12675
1,12833
3,21859
1,13042
1,31794
1,31663
1,25694
3,23460
2,6901
5,588
3,1902
4,2228
2,15995
2,2610
3,22904
2,1745
4,1042
4,20694
1,2603
3,4164
1,1378
5,1676
5,5690
1,12251
1,13399
1,20519
1,26969
1,27153
1,4441
4,2262
1,8505
1,2616
5,603
2,1753
1,13508
3,1941
4,6676
4,2289
1,38890
4,2302
4,20609
1,2630
1,13875
2,15989
5,619
4,2315
4,2339
4,2356
4,2376
5,636
1,2647
1,14363
2,16202
4,2389
5,650
1,14763
1,16131
5,677
1,16288
1,16291
1,14602
1,16472
1,17201
4,15394
4,1835
1,1562
3,4593
3,1957
5,3050
4,13513
3,19705
4,22249
2,1772
1,2674
5,702
2,6903
4,2429
1,12357
1,17661
1,26990
1,27174
1,4516
4,6664
1,18318
1,2691
4,16094
1,18321
1,19395
1,24238
4,20304
1,21168
1,10860
1,13318
4,12840
4,12849
4,2349
4,12809
4,3082
4,3885
4,1692
4,2569
4,6373
4,15399
5,13287
3,23216
4,22035
4,11636
4,12600
4,1837
1,28550
3,1984
1,2711
3,5607
4,18317
2,1785
4,2440
2,14062
5,718
1,28916
1,1664
5,5425
4,6192
4,6548
4,18685
4,2299
4,9038
4,3940
4,2069
4,2003
4,16435
4,19573
4,8815
4,6449
4,23592
4,23696
4,11744
4,24448
4,6425
4,20509
4,19414
4,21133
4,18585
4,7279
4,23951
4,3648
4,10679
4,2366
4,12879
4,1775
4,12928
4,8062
4,23076
4,1808
4,4943
4,14766
4,4286
4,14401
4,23490
4,23127
4,1508
4,4240
4,12913
4,23407
4,23431
4,8347
4,11796
1,2725
1,23294
3,14793
3,22933
4,11336
4,16237
4,8292
5,11004
4,2312
4,2386
4,14096
4,14105
4,14069
4,11668
4,11766
4,1845
4,1962
4,8965
4,18851
4,10311
4,14254
4,15456
4,11713
4,15687
4,10067
4,11833
1,8536
4,15404
4,19072
3,6922
1,1833
4,1954
1,31280
2,1798
5,5970
4,2453
1,23431
3,2010
1,11139
5,729
1,2738
1,5292
4,6126
5,11009
1,8460
1,24235
3,2019
2,1815
1,26299
3,2042
3,2115
2,1105
4,19077
3,2137
4,21460
3,2173
1,28255
5,8756
4,15413
1,31437
1,2129
5,742
3,6924
4,2471
4,18746
1,4008
1,2749
4,4000
5,6543
3,2196
4,11252
4,13468
4,21486
4,21563
4,6652
4,13504
2,1152
2,1193
2,1242
1,30674
3,23630
1,23389
3,11734
1,2319
1,27072
1,27262
5,757
1,3999
5,7858
3,2207
1,2757
4,4322
4,7369
1,836
5,13465
5,13596
1,31472
1,31820
1,31578
3,22221
3,22759
5,13330
1,23438
1,31684
5,13001
1,24796
2,14176
3,22499
3,22674
3,22388
2,16846
1,27798
1,31224
1,25499
1,23116
3,21716
3,22911
5,12585
5,13227
2,17076
5,13863
1,31308
3,22491
1,31533
4,13478
3,20548
1,22405
4,17667
5,11896
2,15101
3,19830
1,21687
4,16949
5,11178
2,14383
3,20220
1,22077
4,17339
5,11568
2,14773
3,20042
1,21899
4,17161
5,11390
2,14595
4,12370
4,11302
4,19477
1,5144
1,16633
2,16296
1,16311
1,27645
1,31086
1,21496
4,12198
4,12180
4,12230
4,11922
4,11162
4,11139
2,3052
4,3480
3,8262
2,6850
1,20069
4,11186
4,10842
4,11977
4,10933
5,9702
5,3535
1,18346
1,3196
1,3362
1,12175
4,23153
1,24283
4,783
4,8189
1,36025
1,14615
2,10089
2,13475
3,15961
1,21115
1,5202
2,7162
2,9751
1,37786
2,630
2,11972
1,19052
5,5663
1,14444
1,14469
3,8811
4,7818
5,2976
3,3517
3,14477
3,2511
5,2213
5,8209
5,9798
5,9814
3,6909
1,25841
1,21519
4,20816
4,19068
4,16639
1,29450
4,19107
1,35805
1,13646
1,13515
4,762
1,29302
1,4024
3,21417
4,16717
1,29336
1,4046
1,21554
1,28902
1,10064
1,3988
1,34979
3,7847
3,5033
2,11456
5,10381
2,4507
1,15518
1,149
1,6190
3,3368
1,24058
3,11417
1,2050
3,2961
1,6657
1,17419
1,7111
4,9773
4,9360
4,10556
4,6738
1,10850
3,9010
2,343
2,11768
2,838
5,13931
4,21422
2,16919
3,22740
4,8523
5,1913
5,5018
1,8589
2,269
3,16236
2,17722
2,17662
4,2713
5,5415
5,5818
5,4045
5,5925
5,5536
4,16187
3,12322
3,3660
3,6847
3,6986
2,4294
1,33262
3,16139
1,19169
3,8054
5,9951
4,15509
4,5203
4,5263
1,26744
4,4475
4,10129
1,25299
5,1158
1,16836
4,20226
1,25384
1,2347
3,9164
1,2500
5,8486
5,8463
5,8552
1,34990
1,33738
1,35545
2,12980
1,26432
1,11626
4,4760
1,30943
3,12989
1,32710
1,277
1,32805
3,15884
3,1610
1,30916
3,15464
1,19370
2,8527
2,9605
2,8011
3,14987
2,9516
4,5033
4,21327
4,9608
4,9519
1,4904
3,460
5,7289
5,8734
5,8688
5,8716
5,7212
1,5912
2,16697
2,13748
1,24245
1,25549
1,30894
1,21505
4,23612
4,19440
4,7352
1,27651
1,31092
1,27762
4,4585
1,33397
3,22124
4,4638
1,9265
1,34389
4,22124
4,21845
4,21985
4,21806
4,21946
4,22085
4,15162
5,12653
4,21331
4,8143
4,1750
4,2537
4,7923
4,5374
4,6579
4,6988
4,7209
4,7372
4,7536
4,7898
4,8383
4,11256
4,15432
4,7315
4,12834
4,12843
4,2343
4,12803
4,3076
4,3879
4,1686
4,2563
4,6367
4,6186
4,6542
4,18679
4,2293
4,9032
4,3934
4,2063
4,1997
4,16429
4,19567
4,8809
4,6443
4,23586
4,23690
4,11738
4,24442
4,6419
4,20503
4,19408
4,21127
4,18579
4,7273
4,23945
4,3642
4,10673
4,2360
4,12873
4,1769
4,12922
4,8056
4,23070
4,1802
4,4937
4,14760
4,4280
4,23484
4,23121
4,1502
4,4234
4,12907
4,23401
4,23425
4,8341
4,11790
4,2306
4,2380
4,14090
4,14099
4,14063
4,11662
4,11760
4,1839
4,1956
4,8959
4,18845
4,10305
4,14248
4,15450
4,11707
4,15681
4,10061
4,11827
4,13472
4,5252
4,5723
1,3406
4,2143
4,5383
4,21490
4,23744
4,12996
4,4030
4,15480
4,16605
4,23615
4,183
4,1
4,21567
4,1215
4,13286
4,13820
4,2897
4,511
4,21589
4,22104
4,21825
4,21965
4,21786
4,21926
4,22065
4,2051
4,2726
4,204
4,22999
4,18281
4,23962
4,23310
4,6772
4,16155
4,2404
4,14341
4,11280
4,7399
4,23349
4,7106
4,13317
4,8003
4,2950
4,5463
4,3336
4,7948
4,16514
4,12352
4,23793
4,886
4,2693
4,19731
4,461
4,16759
4,15125
4,15884
4,14586
4,14681
4,8244
1,37005
4,728
1,36931
1,3478
3,12517
1,36971
4,533
4,18658
4,23565
4,18558
4,18824
4,19512
4,5305
4,16706
1,36920
1,36960
4,3706
4,16621
4,22612
1,17881
3,21744
4,11568
5,4318
5,8675
1,31719
1,30949
3,16120
4,9041
4,13837
4,13904
4,15779
4,15370
1,9641
4,15851
3,16090
3,13768
2,8114
2,8870
2,8680
4,13252
1,19002
3,10110
3,9923
3,12067
3,12386
3,11938
4,10481
1,15556
1,30382
3,7362
4,3009
3,7482
1,16486
5,4283
1,19867
5,6804
4,20621
4,23512
3,19997
1,21854
4,17116
5,11345
2,14550
1,20388
1,21029
5,159
1,2120
3,11725
2,7356
2,8722
3,11286
2,9146
3,4137
3,2387
3,21661
3,22852
3,14333
3,11736
3,10347
1,32299
3,4110
1,37180
3,21587
3,22778
2,8192
1,25397
1,37161
1,36948
2,8661
2,2501
1,32688
3,11568
3,19381
1,36675
1,5544
3,12302
1,34323
3,8599
3,21543
1,12082
1,12150
2,8825
2,8275
2,13290
2,5126
2,8500
2,7976
4,2627
1,9383
2,14093
3,22411
3,21370
5,6055
5,5623
1,38280
1,25659
1,26974
1,27158
1,24333
1,4060
4,20757
4,12202
4,12184
4,15623
1,4313
2,13025
4,390
1,3808
1,2898
5,10340
1,1384
1,1001
5,6471
1,6631
1,1155
1,18129
1,18270
1,37668
5,2436
5,590
5,664
5,8102
5,9528
5,8064
5,451
1,25466
5,7919
5,7236
5,9240
5,12567
5,8127
5,9346
4,3447
5,10953
1,38407
2,14121
3,22439
2,2088
1,23761
2,3444
1,19463
1,31428
1,15643
1,20843
1,2370
1,28097
1,31630
1,1437
1,19977
1,18567
3,16697
3,12995
1,20047
1,18532
4,11800
2,9162
3,13678
4,22054
1,25579
4,19148
1,9732
3,24386
1,24773
5,4733
1,32466
1,12091
1,34860
3,4207
3,4234
3,21799
3,4448
1,12820
3,4580
4,2796
1,5660
3,9220
1,36077
3,23281
1,32357
1,36156
3,4383
1,3096
1,32487
1,3124
3,10166
2,9507
4,21668
4,16522
4,19214
4,16643
4,19137
4,19971
4,16438
4,21496
4,18308
4,20361
4,20848
4,19576
4,16792
4,22196
4,21211
1,25151
1,30400
2,14190
3,22513
4,18693
4,19829
1,26134
1,28311
1,29454
4,21000
4,18863
4,22431
4,20660
4,19162
4,24246
4,16690
1,17241
5,2427
1,9241
1,17514
4,20458
4,905
2,16238
3,9174
2,13908
1,20353
4,9780
4,5767
4,11558
4,10890
4,12272
4,13032
4,12282
4,9428
4,1891
1,16589
1,16529
2,1463
1,38637
2,3406
1,2481
1,34508
4,12826
4,12899
4,14082
4,6754
2,332
1,17751
4,14376
2,574
2,105
1,2825
3,118
4,115
2,255
1,21190
2,743
4,16592
1,39243
1,39292
1,39180
2,18036
2,18109
2,18230
2,18168
2,17705
2,17645
2,18396
2,18422
1,8952
2,17857
2,17790
5,14315
5,14272
5,14416
1,39560
1,39600
3,24313
3,24347
5,14387
5,14339
4,24420
1,39640
4,24389
1,39680
2,17901
1,39721
4,24318
2,18263
2,18318
1,39441
1,39355
3,24223
2,17947
1,39390
3,24258
2,17982
2,17744
3,9323
2,3209
3,11665
1,887
1,38094
1,38130
1,37905
3,23743
4,15006
4,21644
4,14996
1,371
1,16513
1,16551
2,4087
3,15764
2,4146
1,32716
1,17818
1,17442
1,23529
1,1617
1,23917
5,226
1,2157
1,15835
1,29241
2,6952
1,6899
2,13434
2,13350
2,12874
2,12684
1,13493
1,29414
3,21381
1,8252
1,9187
2,13280
2,1090
1,32630
1,545
1,29790
4,12488
3,19652
3,19671
1,604
4,16216
3,7280
4,7707
3,7254
4,10568
3,15904
3,18808
4,4345
2,10159
4,1446
1,7287
3,714
4,19336
3,18782
1,3748
3,8669
3,8873
1,35230
1,27074
1,27264
4,6129
4,6452
1,3945
1,26490
2,17689
4,19983
2,506
1,28552
2,5610
4,6208
3,7203
3,7661
1,38834
4,23831
4,16222
1,36856
3,15951
1,38012
5,8092
4,22666
3,12459
1,3900
1,36005
1,730
1,711
3,3258
5,10593
5,8566
1,35000
3,5666
1,10787
3,11315
1,15931
4,1063
2,2311
3,8111
3,8167
2,7099
4,19111
5,7254
3,21748
3,2414
1,806
3,21688
3,22879
1,21230
1,21276
1,8418
3,11039
4,21658
3,17830
4,3779
4,18386
4,4538
4,303
4,19029
4,3800
4,19007
4,3984
4,1529
4,16101
3,16477
2,5280
4,4822
2,6887
2,2802
5,1388
5,7677
1,34402
1,34494
1,25062
3,21164
1,33149
5,8491
5,13771
4,6916
4,7939
3,14763
2,10225
3,13055
3,21772
5,2335
5,9187
3,8530
5,5736
5,5874
1,33108
3,13160
4,6874
1,26893
1,1827
4,264
4,18397
4,6282
4,4408
4,22944
1,4174
4,22952
4,22044
4,21902
4,21763
4,1195
4,495
1,609
4,10163
1,33120
1,30881
1,3185
3,5215
3,4363
3,5831
2,16320
4,21717
3,23503
2,5224
3,18326
1,17369
1,34409
5,882
4,4458
1,31706
1,33437
5,846
4,8239
4,15874
4,22764
1,5211
2,642
5,11012
5,744
5,13954
5,8450
5,8633
1,10982
5,12694
1,35152
5,12676
5,9430
5,9258
5,9577
5,9655
5,10370
1,35164
1,33760
1,38541
5,12776
5,9316
5,653
5,9229
1,35236
4,19751
5,9117
5,12632
1,34420
4,5215
4,1237
1,11027
1,30291
3,19657
1,39574
1,38852
1,38865
1,39614
1,14458
1,35866
4,21713
1,23096
5,12642
3,14173
1,18825
1,786
5,9718
5,9650
1,10241
3,4146
3,2396
3,21670
3,22861
1,31196
1,27740
1,5349
1,27361
1,7840
1,31948
3,14342
1,29827
1,17317
1,18968
3,21158
1,33155
5,8749
4,10699
4,11858
4,14174
5,7272
5,8654
5,1670
5,12752
1,33131
1,38785
3,19662
1,18624
2,486
4,15132
4,8691
4,19762
1,31444
1,15276
4,6329
4,270
5,7696
4,12259
2,5988
1,31112
4,14499
5,14445
4,9925
3,18639
1,1837
1,35690
1,34442
1,30642
5,9683
1,34354
1,25053
1,26481
1,26293
4,23040
4,7674
4,23369
1,26547
1,25967
1,25633
1,9273
1,13892
5,1825
3,636
1,2035
1,2138
1,13159
1,39157
1,4597
1,33142
1,27055
4,22305
1,31698
1,25040
2,9064
3,8389
2,12046
2,12458
2,12761
2,12578
2,12175
1,705
4,15765
4,4036
1,20660
4,22691
4,16138
1,10552
1,1302
4,6762
4,6887
4,3620
4,6800
4,8655
4,6932
3,21623
3,22814
3,4128
3,2378
3,21652
3,22843
3,14324
3,4101
3,21534
2,8816
2,8266
1,24538
2,7288
3,4818
2,4305
1,7513
3,17591
3,16177
3,7617
3,9734
1,3494
1,34108
3,5076
3,4595
3,19299
1,16668
1,11604
5,13161
3,6105
5,921
5,890
2,16975
3,5301
4,5560
3,21332
4,20147
2,12144
2,12228
4,10050
4,9128
4,9139
4,9789
4,5542
4,5837
4,9185
4,9112
4,5907
2,7423
3,4441
1,13979
1,2080
4,1721
1,14319
2,10304
1,20410
4,14309
2,10008
1,18770
2,5728
4,19773
1,25558
5,1301
1,8411
3,21359
1,4770
1,14377
1,9250
1,14206
1,14423
1,14217
1,29989
3,7375
3,7546
3,5202
3,5815
3,5375
3,14717
3,2751
3,724
1,5029
3,14420
3,2454
1,16439
3,14513
3,2547
4,4201
5,10483
3,15915
4,19264
5,10468
5,8427
3,15744
4,13878
1,24547
1,16226
1,21546
1,8688
1,20995
1,34457
1,4780
1,32121
5,1775
1,12652
4,11507
1,17222
4,6983
4,16424
4,7101
3,10288
2,7297
4,6999
4,13918
3,19603
4,13555
5,3600
4,11837
3,4827
3,13569
2,13581
1,30561
2,5797
2,5422
3,18657
3,16764
5,2035
4,23934
5,14261
2,17601
3,24145
5,1831
1,39074
5,14210
1,39011
2,17555
3,24105
4,24175
2,12311
1,33685
5,2621
1,39522
1,38790
1,34827
1,35699
5,10841
1,38869
1,613
1,620
5,11694
2,14899
1,14464
1,4505
1,26953
1,27137
5,10433
1,4742
4,20123
3,19952
1,21809
4,17071
5,11300
2,14505
3,20170
1,22027
4,17289
5,11518
2,14723
3,20682
1,22539
4,17801
5,12029
2,15234
3,20347
1,22204
4,17466
4,23535
4,20631
3,21199
5,1051
3,17532
3,17567
1,35379
1,8539
1,2633
1,18798
1,13965
1,14305
1,12678
1,12893
1,29115
1,13435
1,13167
1,9060
1,13691
1,29009
1,15217
1,13538
1,12928
1,13051
1,15014
1,13778
1,12739
1,13303
1,13462
1,13350
4,3073
2,406
2,8057
1,6933
2,9029
3,13718
2,11602
2,8647
2,8738
2,8440
5,5280
3,17547
3,17441
3,13644
2,4855
1,27670
4,15083
4,15223
4,15173
4,15012
4,15824
4,14623
3,18080
3,6926
3,13937
3,9072
3,735
3,8243
3,6879
3,5702
3,6746
1,5705
3,1904
3,6624
3,6578
3,9975
5,293
3,21784
4,2418
4,15486
4,15891
4,14355
4,8408
4,13338
4,15418
4,13586
4,13977
4,15521
4,14428
4,4558
1,28234
2,6478
1,21131
1,14177
1,13986
3,11745
3,23033
1,35143
5,10985
5,13184
5,10528
5,1079
5,7948
5,8218
5,834
1,38517
4,4903
2,16956
1,33167
3,21730
5,12624
1,34471
3,23088
4,8394
1,15594
4,8375
4,8400
1,35942
1,617
1,35858
5,10685
1,35894
2,2034
3,19809
1,21666
4,16928
5,11157
2,14362
3,19973
1,21830
4,17092
5,11321
2,14526
3,20013
1,21870
4,17132
5,11361
2,14566
3,20191
1,22048
4,17310
5,11539
2,14744
2,12010
3,14772
1,13579
4,19117
3,19778
1,21635
4,16897
5,11126
2,14331
2,280
2,11782
2,852
2,350
1,27462
1,27553
4,21283
4,22261
1,29945
4,19903
4,22876
1,30458
4,21072
4,20707
4,18943
4,20896
4,20405
2,14229
1,28373
4,19648
4,18758
1,26208
1,25209
3,22552
3,23002
3,19735
1,21592
4,16854
5,11083
2,14288
1,27851
4,20316
1,14012
1,34854
1,35567
1,29656
1,11635
2,11752
2,822
3,17502
3,15870
2,703
4,8355
4,12775
5,485
5,2311
1,35819
5,7352
5,6975
3,3882
1,283
2,8347
2,8905
2,3239
2,4927
1,15748
2,5884
2,3767
4,19465
4,13965
4,13660
5,3369
3,3192
2,16605
4,13373
4,20786
1,10936
1,32944
1,812
4,1036
4,7960
1,3416
4,10563
4,1232
3,7337
3,7457
3,7521
4,13564
1,10510
1,28627
4,2265
4,10644
4,11747
4,11690
1,759
4,2739
4,14108
4,24451
3,20703
1,22560
4,17822
5,12050
2,15255
3,7498
3,7391
3,7562
1,2514
1,18816
1,19034
3,12697
1,5916
1,30529
3,6961
4,16611
1,5260
1,10956
4,14296
5,5395
3,17867
2,13086
1,9281
1,5885
4,9668
5,4010
4,5495
4,8181
4,8210
3,23897
4,3294
4,12101
4,11965
4,10921
4,3436
2,3127
4,2983
1,26390
5,8012
4,9105
2,2592
5,1654
3,12343
3,10244
2,12433
3,17186
5,4216
3,13400
5,10151
3,482
5,8037
4,2809
5,7317
5,6293
1,38826
1,39514
1,31864
1,32077
1,33694
1,17915
2,5016
2,5310
2,13515
2,8608
2,9684
2,8068
2,2650
2,4454
2,6044
2,6750
3,13244
2,4534
2,6409
2,9358
2,6221
1,17094
2,6391
2,5804
2,5558
1,25819
4,20794
4,19046
1,3966
1,19878
3,2324
4,2757
1,12860
2,2078
2,12361
1,3850
2,1922
2,10511
1,11236
1,8627
2,13223
2,10590
4,7882
4,7578
4,7749
2,1998
5,4950
2,13969
4,2277
4,10656
4,16110
3,10134
4,8920
1,16736
1,29804
3,2022
3,14037
3,14080
3,18831
4,6428
4,7641
4,2835
1,652
4,9817
1,36436
4,23800
4,20512
4,23201
4,19417
4,23268
4,7650
4,10543
4,21373
4,9946
3,23998
1,14501
3,7019
3,13797
2,6010
3,12914
5,6793
3,11774
2,11218
1,27919
2,11167
1,17411
1,1925
2,10647
3,13832
1,3236
1,3662
2,2988
1,36886
3,11342
5,3918
1,5736
5,5436
3,14580
3,2614
3,11193
5,9218
1,5673
1,36194
5,4418
5,8440
5,4656
5,8982
5,12728
5,639
5,8512
5,8399
5,8902
5,8792
5,6369
5,5291
5,5495
3,8143
5,5184
5,345
5,6958
5,10388
4,16679
1,38380
1,36828
1,36807
1,18082
1,38527
1,38503
1,36872
1,38578
1,37015
1,38604
1,38455
1,38481
1,38549
4,23144
1,10673
1,36068
2,1913
2,3694
1,35045
1,34688
1,33609
1,102
4,23757
4,20287
4,21136
4,19810
4,19947
4,20099
1,30270
1,11094
1,28965
1,2087
1,2184
1,11173
1,16233
1,25609
1,7638
4,582
1,2382
1,32171
1,2233
1,1933
1,2694
1,2302
1,17621
1,33592
1,17759
1,11429
1,11490
1,17724
1,911
1,17776
1,30202
4,20582
1,20440
1,35744
1,14856
1,1847
1,26600
1,24970
4,3018
4,3370
4,8276
1,30652
3,22240
1,29170
1,10039
1,8227
1,13900
1,27776
1,7727
1,29197
1,27423
3,13846
1,28933
2,8122
1,36038
1,17843
1,12506
4,3592
1,37996
4,23996
1,25516
1,3886
4,14857
1,2888
4,6922
4,8485
1,30234
1,25684
1,17829
1,35809
1,8195
1,21528
1,36115
1,28865
1,37053
1,37842
1,38415
1,35977
1,7530
1,29430
3,21397
1,8268
1,37864
1,37823
1,37456
1,3250
1,31033
1,24364
4,14934
1,10942
2,11926
1,37741
1,37762
4,14598
3,21966
1,19733
3,18902
5,2152
1,3557
3,18753
3,642
1,34099
1,32323
3,21493
1,20236
3,11557
4,5944
2,4047
1,23510
1,1598
1,7247
1,23981
2,4314
3,7793
1,29566
5,1683
1,37800
1,37812
3,14704
3,2738
3,14407
3,2441
3,14500
3,2534
3,6404
3,5467
1,6042
1,24729
1,26707
1,4130
1,28220
1,4190
1,26918
1,27102
3,23571
1,4460
3,21274
1,26349
1,21338
1,6434
1,6264
1,489
1,33791
2,1122
2,9180
1,32509
1,36550
1,6320
1,6502
3,8897
2,4472
2,6062
2,6269
3,16788
2,2202
3,7310
5,1616
1,18666
2,7191
1,17675
5,859
4,2612
4,2916
5,9368
3,15804
3,11758
3,7101
3,19106
3,24007
3,7183
2,11803
2,873
5,4393
3,19264
5,13106
3,10083
3,9898
1,23899
3,9289
3,5718
3,9342
3,3111
3,5566
1,5804
1,19689
4,2844
1,34874
2,16451
2,16518
1,36709
1,202
2,5744
2,3703
5,8077
5,2891
1,35959
5,7714
4,1006
1,2009
5,464
2,1643
1,2555
4,2093
3,1813
2,13132
1,7522
4,5826
4,10209
2,7432
3,9994
1,16622
5,6001
3,14603
3,2637
4,7057
3,13484
5,10452
1,11563
3,6384
3,7137
4,8950
4,9173
4,5864
3,9395
3,8697
2,1737
1,38844
3,17916
2,10867
1,35054
1,34668
3,13725
2,11509
2,11305
2,11609
4,23841
1,38065
2,9456
1,37383
2,1632
5,9397
1,6710
2,8045
2,8584
1,6407
2,9647
4,11578
1,9847
1,2713
1,14996
1,18406
3,16934
5,10935
2,9471
5,9025
5,3674
5,3738
4,3263
2,5429
4,5741
5,2681
5,2530
1,33179
4,8166
1,6676
5,2007
4,18588
4,16231
1,144
1,19929
1,25414
4,3630
4,6810
1,15534
3,11888
3,23990
2,3457
3,12204
2,11466
2,13007
4,9961
2,13329
5,8375
3,2184
3,16841
4,11371
4,12542
2,12971
3,16273
3,18939
1,15393
2,1970
3,12171
3,3455
5,10184
2,7344
1,6221
3,12971
1,29550
1,28475
1,10579
3,23179
1,16074
1,15457
1,15628
1,11276
4,6215
5,1661
5,219
4,6242
1,2490
3,17795
1,19909
1,19190
1,18931
1,19334
1,21401
1,23107
1,25479
2,10983
2,10388
3,15333
4,24089
3,17681
2,10684
1,5835
1,32068
3,15151
3,15094
3,2131
3,15991
3,16008
1,4421
1,25763
5,1149
1,2728
1,18423
2,5654
3,18527
4,15214
4,21733
5,3651
5,3979
5,4747
5,4514
5,4542
1,38255
2,12481
1,31006
4,20199
1,37539
2,17612
3,24156
4,24255
1,39113
3,24189
4,24288
4,20992
3,20997
1,22854
5,12344
4,18116
2,15549
3,20785
1,22642
4,17904
5,12132
2,15337
3,21031
1,22888
5,12378
4,18150
2,15583
3,21100
1,22957
5,12447
4,18219
2,15652
3,21057
1,22914
5,12404
4,18176
2,15609
3,21127
1,22984
5,12474
4,18246
2,15679
3,19818
1,21675
4,16937
5,11166
2,14371
3,19982
1,21839
4,17101
5,11330
2,14535
3,20022
1,21879
4,17141
5,11370
2,14575
3,20200
1,22057
4,17319
5,11548
2,14753
3,20877
1,22734
4,17996
5,12224
2,15429
3,20471
1,22328
4,17590
5,11819
2,15024
3,20398
1,22255
4,17517
5,11746
2,14951
5,12313
2,15518
3,20967
1,22824
4,18086
3,20436
1,22293
4,17555
5,11784
2,14989
3,20936
1,22793
4,18055
3,20368
1,22225
4,17487
5,11716
2,14921
5,12283
2,15488
3,20836
1,22693
4,17955
5,12183
2,15388
3,20538
1,22395
4,17657
5,11886
2,15091
1,13503
1,29278
1,13394
1,17081
1,33191
5,4167
5,3992
1,25360
3,17707
3,5888
1,10393
3,7688
2,3844
1,8205
1,11446
1,8098
1,24635
1,19147
1,28018
2,3105
3,15857
3,10858
2,4864
3,811
2,4977
2,2670
1,38663
1,32025
1,6543
1,6977
2,1063
3,10634
1,34181
2,3904
4,15842
1,382
4,8309
5,2594
5,7790
5,3550
2,17156
1,33172
4,7305
4,7282
1,10986
3,6060
1,38881
3,8779
2,10263
2,10172
2,10598
1,37428
1,32949
1,32332
2,10401
2,10409
2,10234
1,37209
2,10668
4,8546
1,39275
1,39324
1,39212
2,18068
2,18141
4,24358
1,25034
1,25736
1,34515
1,3525
1,33452
3,22118
1,8845
1,16708
4,20162
1,623
4,24315
3,24327
3,24361
3,23934
4,21314
4,22292
1,29976
4,19934
4,22907
1,30489
4,21103
4,20738
4,18974
4,20927
4,20436
2,14260
1,28404
4,19679
4,18789
1,26239
1,25240
3,22583
1,3457
1,3222
1,3633
3,12044
1,1869
1,20339
1,9822
1,661
1,223
1,5973
2,16012
5,2113
4,21912
1,25742
4,19274
1,13760
4,15260
4,21739
4,16021
4,22368
4,14548
4,11648
4,12612
4,3279
1,37351
1,34193
3,9266
3,15367
1,7466
1,11131
1,25786
3,15085
4,19540
2,13543
3,12682
3,18564
1,19312
3,8316
2,11056
5,2414
3,19252
3,13666
1,5757
3,4498
1,8160
3,7863
4,8832
1,5100
2,11239
2,2808
3,19144
1,27619
1,27527
4,14693
4,8877
4,10074
3,14380
1,10282
3,19068
1,5647
4,1475
1,6873
3,14749
2,9110
3,21941
3,17987
3,19166
4,23621
1,23667
5,937
2,12386
1,1096
3,14270
4,1348
5,3281
5,6674
5,9962
1,15177
1,8029
1,8362
1,11507
1,21538
1,15257
1,8148
1,24673
1,26815
4,1272
3,13500
2,3286
2,2409
2,2278
4,6401
5,9413
2,3919
5,9913
1,33232
1,10876
3,18423
1,33206
3,17475
4,12755
3,10356
3,8564
4,7242
5,2819
5,4940
5,7998
5,7403
5,7372
5,7444
5,9521
3,18550
1,36125
1,25368
3,3980
3,16584
4,10727
1,233
1,32226
1,36731
1,34262
4,21293
4,22271
1,29955
4,19913
4,22886
1,30468
4,21082
4,20717
4,18953
4,20906
4,20415
2,14239
1,28383
4,19658
4,18768
1,26218
1,25219
3,22562
2,17623
3,24167
4,24266
1,39124
4,7427
4,7446
4,7481
1,34530
3,11445
4,6154
3,4961
3,4703
2,11130
3,15655
1,10304
4,3829
3,15538
1,7825
4,3530
2,1317
5,388
4,4663
4,6223
4,24338
4,738
4,23237
1,5620
2,8422
3,10103
3,9916
1,36941
3,1787
3,1702
3,23407
4,19207
2,16584
1,35998
3,15166
3,10394
3,9968
3,21959
3,15360
2,1310
3,18047
1,19670
1,183
3,23345
4,4163
1,1884
3,9233
1,1239
3,529
4,23177
3,15109
3,434
3,1233
3,22034
1,34085
1,37727
1,36693
1,32246
3,1310
3,23361
3,23442
4,1594
1,3036
2,13953
1,9371
1,9430
1,30033
4,252
4,1051
1,683
5,8919
3,15181
4,9826
5,151
3,697
3,5927
3,16817
3,18882
3,16949
3,13110
4,1437
1,5826
3,5107
3,5179
3,5792
3,5440
3,12821
3,18054
3,12634
1,37595
3,12541
5,5776
3,8511
3,10934
4,7843
2,3730
4,9289
1,13921
1,14261
3,1770
2,3634
1,29642
3,1675
4,624
4,2960
4,3786
2,11082
2,11117
1,15915
1,30350
2,5827
2,6562
1,15760
3,16420
1,18985
3,15821
1,10604
2,8846
2,8296
3,13385
1,12102
2,13366
1,19083
1,16962
2,2680
2,4943
1,15617
3,2995
2,6976
1,15434
1,15506
1,30931
2,13736
2,4250
1,6754
1,24925
5,2228
3,312
1,19443
2,4106
1,13481
1,24032
1,16880
1,4730
2,10578
1,132
3,3443
2,2058
1,36517
3,155
4,15052
1,18294
2,13929
4,3762
1,32008
1,34164
3,15479
1,32543
3,17715
4,23675
1,25594
1,1035
1,24118
1,1453
3,17658
3,1595
1,17265
2,3006
1,6844
2,1673
3,11397
2,3988
2,4024
2,4746
1,11824
1,36642
2,3959
1,32576
2,4337
1,13369
3,3938
3,12277
3,1335
3,23694
1,36621
1,21424
3,3716
1,5168
2,4665
2,10626
1,18154
2,9823
3,18263
1,20266
2,5667
1,32791
1,5071
2,11399
3,16802
3,17034
4,16262
5,9422
5,9513
3,4059
4,9906
1,375
1,21046
4,8464
4,8451
4,23954
4,8665
1,17157
4,8705
4,2076
3,23846
1,15696
3,16708
1,15207
2,3196
1,16913
4,11619
4,12583
1,38629
1,2880
1,17927
1,37440
1,37475
4,19359
4,6476
4,6850
1,33223
4,23383
1,30981
1,20200
4,20180
4,20485
4,4854
5,13429
5,13560
5,10475
1,17566
3,15840
4,12300
4,189
4,4797
1,25325
1,20802
1,23718
1,2455
1,4270
1,23491
1,1579
1,6808
1,1412
1,28875
1,477
5,14242
1,39055
1,18017
1,12605
1,13605
1,28423
5,6015
1,21076
5,1994
2,5390
3,23857
1,37063
2,159
3,6796
2,5087
4,4080
1,16097
4,13202
4,13226
3,2045
3,14865
1,16752
1,16945
1,14807
1,17021
1,15678
1,6349
1,38118
1,37852
1,16868
2,9884
4,14643
1,17965
1,5425
5,4478
5,1785
1,3146
1,26440
4,7720
5,2341
4,24354
3,11390
1,8508
3,13414
1,38765
3,7901
3,9382
2,12083
4,22565
2,1399
2,1174
3,7226
3,10841
1,1273
1,514
3,7677
3,377
3,14673
3,2707
2,8488
2,7964
2,9576
3,1959
3,13166
3,11801
2,9239
3,14661
3,2695
4,5351
3,16693
4,6721
5,12970
3,23758
1,30679
5,12804
5,11035
4,20338
2,16814
1,25705
3,21864
4,19084
4,20825
1,25860
4,18599
5,13308
3,6834
1,36445
4,18993
4,9893
4,3950
1,20813
1,20795
3,17385
3,20507
1,22364
4,17626
5,11855
2,15060
4,13705
2,15840
4,15700
4,4051
1,19402
1,19548
5,9087
5,9408
5,9908
1,386
2,10395
4,7551
3,12414
1,31127
1,31712
3,15832
4,19430
1,34280
4,13038
1,2914
1,3307
4,20271
1,13567
2,5334
4,23221
3,12593
4,15037
5,4075
1,23569
1,33816
1,34901
4,12748
3,16338
3,16370
5,10208
3,13336
4,13025
2,15827
4,8467
1,38425
4,7978
1,1736
1,7437
1,20707
4,16240
1,21473
2,14075
3,16853
2,4008
5,3873
5,8410
1,31081
4,16182
4,8804
4,10668
4,2945
3,10192
5,3063
2,13651
4,5423
5,7249
5,9253
3,19294
4,10639
5,7312
3,14032
1,18418
5,5978
4,22936
3,19619
4,23728
2,1842
2,12289
1,7620
5,13967
3,23798
4,12816
4,12889
4,14072
1,17741
1,2815
1,21180
1,8942
3,14935
5,10004
5,10513
5,5145
5,5158
5,10767
5,14104
5,7874
1,31364
3,3850
3,13191
3,2811
3,13616
2,17105
2,17185
5,6552
3,15997
5,10904
1,5392
1,17535
1,18433
5,2326
3,6615
4,11671
1,15329
4,2514
4,16358
2,10875
1,12692
3,2254
1,10539
4,12650
4,10682
5,782
3,16532
3,14057
5,2463
4,14366
2,11663
4,6088
1,31849
5,13291
3,22645
3,22194
2,14023
4,4220
4,4016
2,16716
5,13825
3,22030
4,19485
1,20193
4,19350
4,6467
1,33214
1,2593
5,10994
1,28175
1,7610
1,14816
1,11366
1,31563
1,31293
1,8612
3,6037
1,23419
1,27950
1,15937
1,24715
1,38742
1,12184
1,33562
2,6740
2,5946
2,6020
3,5515
3,22707
4,9162
4,5811
3,2082
3,14902
4,5891
4,5525
1,36983
1,1792
3,18219
3,17820
3,16464
2,2070
3,19208
3,13098
1,33533
5,6635
5,7176
5,6942
5,6581
5,3216
5,3071
5,3263
5,3249
5,521
5,2382
5,3406
5,3052
5,3637
4,7873
4,7569
4,7740
4,7834
1,35585
1,928
3,22342
5,7506
1,35034
1,33857
4,6554
4,20529
1,35062
1,35987
1,38641
5,10638
1,38676
1,35600
1,943
3,22357
1,35079
4,5586
4,22136
4,21857
4,21997
4,11995
4,10951
4,11037
4,12082
2,6618
3,1496
4,1863
1,16996
1,5532
3,11615
3,18242
3,19403
2,7954
1,14085
1,14653
4,20948
4,6668
4,6656
4,11244
4,13460
4,21555
4,6644
4,13496
4,6571
4,13278
4,13309
5,13205
2,13602
1,36090
1,2333
4,20773
1,10924
1,19019
3,6730
1,19996
1,6008
1,13118
2,7043
2,9431
1,11550
3,6282
1,2619
1,10528
1,11046
1,10659
5,14401
5,14353
5,13909
4,7507
3,5857
4,23785
2,9349
4,22357
4,15382
1,8829
2,4718
4,21172
4,31
5,45
1,46
2,53
4,19794
3,37
5,6190
2,4694
2,2625
2,6718
2,5842
2,5964
2,3118
2,6544
5,10586
1,35952
3,6209
3,6372
1,8970
1,9495
1,9594
1,7701
1,9224
1,9919
1,10013
1,24521
1,29622
1,9357
1,23048
1,14187
1,10367
1,7916
1,4213
3,23719
1,31651
1,13863
1,31268
1,23377
1,31521
1,31400
3,22054
1,14432
1,35533
1,24268
1,19532
1,17585
1,33830
1,31983
1,28500
1,14131
1,3796
1,18520
1,25139
1,26122
1,29361
1,20692
1,26796
1,24856
1,21218
1,15967
1,33748
5,12764
1,23084
1,10229
1,31184
1,27728
1,5337
1,27349
1,31936
1,18612
1,35678
1,5406
1,25278
1,33673
1,34815
1,26941
1,27125
1,34842
1,35555
1,10498
1,28615
3,2312
1,38592
1,34676
1,17712
1,26695
1,21326
1,33779
1,19677
1,190
5,207
1,28006
1,8350
1,8136
1,19658
3,517
1,25313
1,23706
1,2443
1,23479
1,1567
5,14230
1,39043
1,4290
1,7425
1,28163
1,24703
1,35573
5,13193
1,39031
1,33868
1,28449
1,28275
1,14626
1,19512
5,128
1,32152
5,13391
5,13522
1,7583
5,9
1,10
1,34001
1,31902
1,21099
1,3726
1,5238
3,23594
3,21216
1,4483
1,27011
1,27195
1,7496
1,7355
1,24658
1,1120
1,34697
1,24200
3,23156
1,32099
1,21445
1,12710
1,4653
1,17549
1,23461
5,100
1,24421
1,23957
1,20111
1,11388
1,19953
1,982
5,13846
3,616
1,16197
1,18877
1,19211
1,35658
1,21297
1,6599
2,15955
5,1255
5,4877
1,35247
3,11508
1,35612
1,35271
1,19561
1,7007
5,9552
1,20906
1,18210
1,34720
3,590
3,6305
1,24312
4,20555
1,33899
1,35293
5,10781
1,35719
1,28128
1,1701
1,19582
1,4953
2,8788
2,8238
1,33966
1,8919
1,15859
1,29387
1,7207
1,8992
1,8439
1,14911
1,19602
1,33618
1,21367
1,10128
1,33923
1,26325
1,26527
1,25998
3,19356
1,19633
1,17462
1,25925
1,33947
5,12899
1,35313
1,18447
1,20760
1,13201
1,32205
1,111
1,23356
3,569
1,35635
1,33716
1,29736
3,14838
1,1538
3,22978
1,23261
1,19834
1,5516
1,10185
1,9621
3,4420
1,1016
3,12723
3,21297
1,20314
1,31754
1,955
1,19706
1,1355
1,23170
1,2853
5,14017
1,7070
1,4537
1,23822
1,12300
1,28951
1,12545
1,12220
1,9321
1,9461
1,29662
1,8819
1,7972
1,29912
1,11475
1,10615
1,13717
3,22369
5,10872
1,23729
1,14068
1,7311
1,14702
1,14528
1,30077
1,28078
1,14748
1,9659
1,11881
1,9099
1,33091
1,14393
1,11532
1,11698
1,11584
1,31547
1,23403
1,24609
4,7865
4,7561
4,7732
4,7826
2,6370
2,6818
1,6738
1,7982
5,1067
1,32346
3,605
1,37264
1,38435
1,33880
3,5909
3,18944
4,4885
2,16556
3,6342
1,13424
2,10292
1,20181
3,6330
1,36529
1,34887
2,10727
2,10655
2,9983
2,9776
5,4268
5,4611
5,13119
5,10703
5,10736
1,14888
1,32960
5,2063
3,18890
4,19324
1,27467
1,27558
3,12350
1,39106
2,17616
3,24160
4,24259
1,39117
3,24193
4,8232
1,18332
3,7919
4,8722
1,4683
2,2100
1,1670
5,1722
5,2131
2,10952
2,2772
4,8122
4,3062
1,7401
1,10518
1,28635
5,914
1,33242
4,7336
1,32811
1,9504
4,3418
4,4524
1,19496
1,9445
1,15568
4,2996
1,9486
4,4145
4,23636
1,16575
1,5130
1,36243
4,9057
1,13749
4,1117
1,3647
3,15021
1,25116
3,15438
4,8235
3,13006
2,3827
4,14655
1,9721
1,9603
1,28461
1,28287
1,14568
1,12907
1,13650
1,28486
4,2230
4,10607
2,4427
2,18413
2,18439
3,5268
3,17102
3,5995
3,5609
3,18596
4,4927
1,15095
3,17160
3,16981
5,10405
1,32815
2,11190
2,1712
2,10842
2,3063
4,4708
3,10533
4,5660
4,4736
2,4192
3,17761
4,15471
5,14330
4,3907
5,14287
2,4895
2,13055
4,22805
1,10337
1,7944
1,14638
1,8857
3,9512
1,583
1,27979
1,1221
3,9135
4,23819
3,4261
3,15749
3,6941
3,1104
4,15268
4,21747
4,16029
4,22376
4,14556
4,10347
4,10468
4,8419
3,7940
1,19524
1,19358
4,7084
5,3477
4,6143
1,17307
4,8979
3,7217
5,6696
5,6730
5,3175
2,1800
3,24332
4,23713
3,23783
5,14089
2,17090
1,31834
3,24366
1,2792
5,759
4,2473
3,2223
3,9713
3,9110
3,9014
2,7884
5,7053
3,15623
4,2576
1,12590
1,20980
3,18796
3,18717
1,34485
4,9021
4,12862
4,8850
4,3512
4,12941
4,14280
3,13872
2,4570
3,7960
2,17421
5,14050
2,15723
3,9437
2,17264
2,7415
2,17177
2,1826
3,16300
2,17232
2,2541
5,2606
3,13707
2,7386
1,29784
4,2369
4,23989
4,12882
4,157
4,16389
4,8475
4,561
4,78
2,5780
5,9942
3,16408
1,10771
3,8310
5,5049
3,18065
1,391
1,15994
3,11534
1,20150
2,12062
3,8344
1,26191
1,28051
2,17381
4,21269
4,21243
3,6244
1,4700
4,11528
5,6274
4,20464
4,22962
4,7770
2,6686
4,12215
5,572
5,5972
5,6425
5,6486
5,5983
5,4718
5,6125
5,6073
5,4703
5,8434
5,6238
1,10294
1,15164
3,7342
3,7462
3,7526
1,11344
1,18916
5,140
1,2684
1,17951
1,32164
1,33585
1,34661
1,17528
5,10319
3,2858
5,7756
3,18745
3,18768
5,6029
5,6431
4,13008
4,13128
4,12402
1,12003
5,5351
5,7610
5,7771
1,23889
2,429
1,35333
2,3714
5,8616
3,15724
3,23352
3,23433
3,23529
2,12518
2,12751
4,13013
4,13133
4,22941
3,16908
1,15661
5,7576
1,3051
4,1882
4,11265
4,12337
4,15291
4,16049
4,22731
3,23294
5,2655
5,3842
5,8851
2,6428
2,2368
2,7757
1,18240
1,17793
2,15861
3,3698
3,11379
1,18501
1,16380
2,13151
4,15990
5,6705
5,6739
1,8186
5,7293
5,3184
1,16110
5,14000
4,3995
4,1540
3,19624
4,19041
5,6364
4,3814
2,16576
2,16395
4,19021
3,21934
1,11359
4,1557
1,36840
4,1459
4,10584
2,5538
1,32308
1,37552
3,501
5,4501
4,10107
1,1984
3,14644
3,2678
1,3929
1,2263
4,13115
4,11591
4,12561
3,5285
5,3967
5,7615
5,3948
4,5594
1,3398
4,1105
4,1019
5,1703
1,7595
1,7568
1,7540
1,4863
1,20213
2,16061
2,15997
1,33255
1,36496
1,29585
3,16603
1,32031
1,360
1,34594
1,33137
1,27050
1,4587
3,23841
4,26
5,40
1,41
2,48
3,32
2,7879
3,11029
2,15805
5,5272
5,8944
1,11731
2,15833
4,15754
1,35114
2,4514
2,5788
2,5632
2,6599
2,5042
2,17197
2,15878
4,6270
4,4396
1,4162
1,26887
1,1821
1,12495
5,10428
4,7268
4,13894
3,7177
1,14030
3,7047
3,705
4,1339
1,34253
1,32969
1,34208
4,9530
4,9754
3,400
5,9193
3,5138
1,32370
1,34013
3,22166
3,1509
1,18056
1,4710
3,4175
5,8812
4,3746
3,5935
5,13993
2,5069
1,8875
2,10151
2,17160
4,16293
1,38700
4,8155
1,26404
1,30502
5,10087
2,11545
3,11627
1,30188
2,16740
4,2043
1,29233
3,6788
2,4390
1,13184
2,9409
2,7020
4,20207
1,5192
3,6899
5,115
3,13634
4,2602
4,2906
1,16858
3,6720
5,3081
2,4270
3,15257
4,10232
3,9621
1,37321
1,17059
5,10545
1,37029
1,34912
4,22167
4,21888
4,22028
4,15747
4,24292
4,6341
1,26413
3,23395
5,6833
1,25538
1,16847
4,5884
1,16805
1,17249
1,2660
1,15315
1,24443
1,876
1,35522
3,14817
1,1517
3,22957
1,23240
5,9789
1,38886
1,39654
2,6539
1,20871
1,7091
1,20856
2,2755
3,4645
3,17600
2,3313
3,16186
4,7124
4,21116
1,33268
4,15581
4,15627
5,7943
4,4781
2,5296
2,6827
3,1923
3,6643
3,6597
5,6170
5,8086
5,1128
4,15359
4,22176
4,15329
4,22542
3,16917
1,11615
1,5119
1,33337
5,10826
1,14407
1,7898
1,33125
4,10099
4,1564
4,10221
4,10194
1,38271
1,38319
5,7077
2,2228
5,9464
1,10916
5,8936
5,6897
4,11986
4,10942
4,656
4,4552
1,35971
4,18407
4,369
2,14100
3,22418
2,16028
2,1892
1,34502
4,8160
4,22130
4,21851
4,21991
4,4170
5,13454
5,13585
3,4926
4,21812
4,21952
4,22091
3,14236
1,10737
3,18721
1,30360
1,679
1,27700
3,21639
3,22830
3,14311
1,10207
1,31162
1,27706
1,31914
3,21694
3,22885
1,28571
1,10148
2,17375
5,7062
1,33313
4,19473
4,23014
1,34521
1,31810
3,22211
1,4620
1,33287
1,4251
1,27243
1,12620
1,18235
5,9060
2,2968
3,16260
2,7641
3,16357
5,2697
5,2538
1,36016
1,3163
1,35841
2,2010
1,37612
1,24581
1,31540
1,23396
1,34464
1,33329
3,21884
5,7424
5,7482
5,7725
1,4749
4,15596
1,38618
5,2511
5,2666
5,10713
4,4425
4,6288
1,15044
5,9100
5,2408
5,10305
2,7736
5,6199
4,4610
4,6321
5,14254
2,17594
3,24138
1,39067
4,24168
1,3595
4,13398
4,13763
5,7398
4,2867
5,2195
2,5641
5,8353
5,8317
2,12449
3,18155
3,13084
1,17808
3,5066
4,947
1,18359
3,4617
3,12565
1,17354
5,6935
5,6574
3,1113
5,6525
3,15144
4,3464
4,19177
1,11256
4,16129
4,21161
3,18585
3,252
4,20018
5,475
2,1654
1,2566
4,2132
4,19963
4,20115
4,2937
2,1834
1,2807
5,774
4,23766
4,23733
4,20571
1,25673
5,986
1,2833
1,34536
4,20084
5,13344
5,13475
4,20751
4,19268
4,6844
1,33302
4,4992
4,6597
4,10559
4,6725
1,15170
1,11485
1,9335
1,15068
1,15240
1,10625
4,13515
4,5364
1,26573
2,5599
2,4527
1,33343
1,12254
1,12360
1,16698
1,30779
4,23880
5,14143
3,24045
1,38943
2,17481
1,28793
1,28736
1,28665
1,30704
5,13709
1,30739
3,16902
1,15722
4,22840
1,16649
1,16769
1,15415
5,997
1,37689
3,16881
1,4854
1,33356
5,1290
3,23606
1,34925
5,8830
1,25491
4,2352
4,12812
4,1728
4,2186
4,6059
4,2556
1,23321
1,31250
1,31498
1,1648
4,15558
1,12836
4,8065
2,17426
4,21573
4,21604
3,21228
1,4495
1,27023
1,27207
4,13804
1,701
1,26662
1,20297
5,2881
5,4982
5,5064
4,5713
4,4786
1,34227
1,33063
2,16467
5,9144
1,6298
4,1926
1,17045
2,8361
2,8919
4,24408
1,39578
1,39618
1,39658
1,39699
1,39739
3,12621
2,6656
2,8857
2,8307
2,10918
2,9223
2,8476
2,9564
2,7942
3,4292
1,23197
2,1287
2,1329
2,1371
2,1413
3,14788
2,1100
2,1147
2,1188
2,1237
1,10465
3,14204
1,25654
3,22235
1,29165
1,10034
1,8222
1,27771
1,7722
1,29192
1,27418
1,29273
2,15950
1,10332
1,13294
1,31214
3,23309
1,28247
3,23622
3,22262
3,22925
3,21840
2,1044
2,15732
2,16757
3,14803
1,1503
3,22943
1,23226
1,817
1,23201
1,23285
1,1329
3,16672
1,10201
1,29228
4,14751
4,7638
3,21582
3,22773
3,14217
3,14375
3,21502
3,16682
1,395
1,34526
3,5737
3,15324
3,23657
1,38374
1,38300
2,3939
2,2935
4,16250
2,8654
1,2650
1,15305
1,15346
3,4551
2,12827
2,12637
1,15820
5,7588
2,9040
2,7613
4,571
4,5514
4,431
4,230
3,9773
4,9880
1,1891
1,6884
3,1798
4,10742
4,6349
4,6524
4,7250
3,8470
4,8621
3,12934
3,9240
4,3170
1,1246
4,23079
4,12719
3,5745
3,1713
4,2114
4,8861
4,2498
4,7849
4,2190
4,6063
4,11769
4,1784
3,8365
4,10528
2,1606
4,9971
4,23253
4,1319
4,19385
1,16023
1,7041
3,14653
3,2687
3,3501
3,3673
4,9275
3,993
2,11724
2,794
2,145
2,319
2,17288
1,16406
1,12795
2,11986
1,6944
4,5075
2,6343
2,6167
2,15901
3,3531
2,2955
2,2761
1,13796
3,5277
1,12062
5,3753
5,2935
3,17111
3,6004
3,5618
3,10471
2,9126
1,18035
1,1132
2,7052
3,13557
3,8611
2,9440
4,10784
4,14789
4,8674
4,15187
2,7333
3,6142
5,4571
2,8700
2,8170
1,17113
2,9307
3,17581
4,1872
3,536
1,19812
4,1174
5,10326
2,2819
3,12079
3,11948
3,12398
3,12098
3,11967
2,13141
5,8767
2,4580
1,32830
1,293
3,1661
3,17243
1,4228
4,9442
1,15578
3,23616
3,18846
3,18348
1,18485
1,9977
5,1370
1,34709
1,35338
1,13831
1,29704
5,8180
5,1473
5,2278
5,10627
5,10882
1,18309
1,12073
3,14187
2,1883
2,2480
5,10719
5,9865
5,255
4,10244
3,10617
4,664
4,404
4,2586
4,923
5,13663
1,19292
1,2000
3,15678
4,20648
1,29137
1,30390
1,741
5,4151
1,9508
3,23168
1,15338
1,12391
2,11775
2,845
4,13108
4,13845
2,4733
3,1382
3,17936
4,9009
4,3500
4,14268
3,1294
2,4838
3,18416
3,18040
4,15602
5,4137
3,8553
3,12009
3,10370
4,4946
4,14968
3,3023
2,13612
1,32111
1,21457
3,21610
3,22801
3,4088
3,21521
3,22329
4,7004
1,12722
1,4665
1,14116
1,13094
1,24348
4,2780
1,2933
3,8583
5,10746
2,2612
5,7184
4,11952
4,10898
4,11062
4,10760
4,10797
4,9463
4,9404
2,9910
1,31619
5,10674
1,35883
1,32057
1,36506
1,5055
3,4318
1,35919
1,5949
2,10046
1,34045
1,6468
3,8784
4,5955
2,5584
1,898
1,38105
1,38141
1,37916
3,223
1,25431
3,5009
1,27871
4,8561
3,10867
3,4991
1,15728
1,37715
1,37703
1,35212
4,3558
1,13633
1,30219
4,22647
1,8769
4,9844
3,9859
5,13381
5,13512
3,10053
3,9755
3,9695
1,5684
4,4719
3,9211
3,833
3,19676
4,1736
4,2523
1,26904
1,27088
3,23557
1,4446
3,21260
1,8084
4,4066
1,15401
3,21596
3,22787
3,4074
3,21507
3,23220
1,8728
1,8645
2,4440
2,6030
2,6255
3,8024
1,36292
4,22846
1,18100
1,8744
4,1518
5,808
4,1221
4,1848
1,3538
1,5001
4,16779
4,22983
1,27680
4,24012
1,37585
4,10117
1,26095
2,13256
1,6028
1,27601
1,27509
3,11524
2,10970
2,4783
4,19373
2,4702
2,2633
2,11517
4,12859
4,8847
4,12938
4,13292
4,13826
4,21723
3,6278
4,23024
4,21436
2,16933
2,16083
3,21445
1,31467
1,31815
1,31573
3,22216
3,22754
5,13325
1,23433
1,31679
5,12996
1,24791
2,14171
3,22494
3,22669
3,22383
2,16841
1,27793
1,31219
1,25494
1,23111
3,21711
3,22906
5,12580
5,13222
2,17071
5,13858
1,31303
1,832
1,23193
4,22410
1,5277
1,841
1,7792
1,27273
1,14359
1,9426
1,30029
4,18622
5,11054
5,12837
2,16205
2,1747
2,12465
2,12768
2,12585
2,12029
2,11657
2,13200
2,11945
1,3957
1,3877
2,13534
2,12246
4,2255
3,2012
2,17936
3,12060
2,13504
3,12233
2,12294
2,13239
3,18621
3,12336
4,10632
3,14025
1,19934
3,11928
3,18647
2,173
2,126
2,12184
4,16269
4,7393
3,23303
2,3163
3,1565
1,32848
1,871
1,33383
4,6489
1,33375
1,33388
2,16860
1,31592
1,33498
1,34381
1,31104
3,23322
4,4309
5,10922
3,21471
4,22324
4,19609
4,19890
1,31335
3,19707
4,22491
4,4388
3,7840
5,13817
1,31789
4,8643
1,33324
2,6125
4,21351
2,14107
3,22425
4,7235
4,16254
2,16041
5,12639
1,9205
1,15787
1,10871
1,10633
4,3774
4,5632
2,13871
2,16099
5,12513
4,4571
1,34637
4,4531
1,8175
4,2970
4,19443
1,34587
2,17368
4,4603
4,20296
5,10974
1,30627
4,6688
4,16275
2,16982
1,24615
4,7231
2,17054
2,500
4,22417
1,5284
4,6700
4,4545
1,29306
5,14301
5,14373
5,13944
4,24369
4,21680
4,22468
4,44
5,58
1,59
2,66
3,79
4,63
5,77
1,78
2,85
3,98
1,3867
4,20471
5,12666
4,16450
4,22251
4,18748
4,22229
4,18726
1,30971
3,13122
1,399
3,22604
2,15856
5,13789
1,34448
1,34607
4,18415
4,4566
4,310
1,33402
4,23344
4,7890
4,7586
1,33115
1,30886
1,3553
3,21489
1,16992
1,16765
3,18998
1,23692
2,6105
1,12536
4,15567
1,4575
4,3245
4,7526
4,10359
3,177
1,25070
4,4443
4,6306
4,20975
1,10249
3,4154
1,18889
1,18835
3,2404
1,796
3,21678
3,22869
1,31204
1,27748
1,1199
1,7625
1,37957
1,7266
1,5357
1,27369
1,7848
1,10318
1,31956
3,14350
1,29835
4,9900
4,18987
4,3957
4,20940
4,20062
4,8105
3,19187
4,8318
4,20599
4,20449
4,7343
4,10434
1,10562
1,1312
4,7805
4,3550
1,13625
1,9750
4,12674
1,19223
4,13569
5,9807
5,1694
4,5553
4,5437
4,22676
4,545
4,5171
4,18670
4,23577
4,18570
4,1760
4,18836
4,5454
3,16718
4,14769
4,4099
4,18299
4,16207
1,36847
4,3574
1,36427
4,1466
4,19198
4,4154
4,1585
4,3753
4,23980
4,148
4,16380
4,2547
4,21595
4,1310
4,5613
4,5972
1,36460
4,14232
4,21145
1,32404
4,10591
4,8588
3,12487
1,37937
4,10504
4,16338
4,2165
4,5405
4,19524
4,5317
4,5017
1,36478
4,10411
1,34306
4,5483
4,1417
4,2703
4,3326
4,969
1,17143
4,686
4,21201
4,19819
4,19741
4,24079
4,471
4,24158
1,33053
4,1164
4,16769
4,873
4,2878
4,603
4,24057
2,16169
4,442
4,3852
1,3272
1,3380
4,5919
4,24128
4,4960
4,2670
4,100
4,5848
4,15802
1,23015
4,3586
5,6868
1,11920
2,9863
1,35907
4,6942
4,15817
5,13085
4,20260
1,3443
1,13734
3,18192
2,5405
1,9944
3,6195
3,6463
5,6246
4,24403
1,39694
4,23849
1,38899
5,7634
5,7549
5,7393
2,6877
2,11159
3,16973
2,4796
3,11433
3,17321
3,14165
2,1495
1,19158
2,3858
1,406
2,197
2,993
2,11872
2,942
2,518
4,20981
1,38246
1,38227
1,38204
1,38162
1,38182
1,16500
1,16562
4,6633
1,15467
1,18763
3,18976
3,13972
4,22595
1,9166
1,9020
1,13933
1,14273
1,4358
1,31147
1,25406
4,22314
1,4010
4,14724
3,11309
3,18030
3,11228
2,8745
2,12865
2,12675
3,10811
3,8435
2,1765
2,12344
2,12282
1,4994
3,905
1,16330
1,33412
5,13972
4,1365
4,5235
4,7359
3,21735
1,37448
4,8989
1,36584
1,15297
1,10022
1,9675
1,29936
1,29378
1,29600
1,14668
1,18788
1,9785
1,9047
1,9153
1,29753
1,28109
1,32020
1,6538
1,6972
2,1058
1,34176
5,6462
1,34139
5,13415
5,13546
3,18919
3,18733
5,4992
2,4595
3,12924
1,20084
3,10094
3,9909
5,7433
3,17888
1,39531
3,23939
3,3200
1,25089
2,1809
3,24341
4,23722
3,23792
5,14098
2,17099
1,31843
3,24375
1,2801
5,768
4,2482
3,2232
4,24214
1,24680
5,10076
5,4061
4,1027
4,5193
2,3176
1,35670
2,7378
1,3822
1,21309
1,21350
1,21014
1,27857
5,2600
2,16049
5,7465
5,7643
5,7558
3,18876
4,5805
3,6542
1,17191
1,36904
1,33308
2,5700
1,12471
5,1028
3,12847
5,1587
3,5976
1,27758
3,21366
3,21988
2,17343
3,18935
2,1966
5,7368
5,7440
2,12747
5,6829
5,3446
5,2780
1,15109
1,11302
4,12243
4,13912
1,15387
5,10178
5,2813
5,4934
2,12934
4,14160
5,7991
2,13184
5,7233
5,5384
3,21977
3,18636
4,19783
4,16475
4,21705
4,19256
4,16564
4,20010
1,38154
1,36323
1,2987
4,21532
4,18347
1,29440
3,21407
1,8278
5,10693
1,1812
1,34554
5,2163
3,18776
2,17438
1,26049
1,30510
3,12186
4,12821
4,12894
4,14077
1,17746
1,2820
1,21185
1,8947
5,3913
5,5431
4,6000
1,10076
3,5650
3,3616
1,6452
1,23609
5,6106
1,6157
2,17924
1,1910
1,1479
1,6770
1,244
1,24941
1,36751
1,32262
5,712
5,4412
5,10507
1,3374
3,8296
5,403
4,1618
1,3348
1,15122
1,28891
4,23460
1,7459
5,6258
2,6510
3,11845
1,7099
4,8079
4,9918
2,2047
2,16257
2,7001
3,14144
1,12997
2,2914
1,6611
1,6278
1,6646
2,4481
2,6071
2,8564
1,24094
2,10177
2,7261
2,17007
1,38774
1,6922
3,17976
1,503
1,33805
1,33846
1,19622
2,2530
2,17140
2,18
2,17583
2,1360
2,1136
2,16896
2,7230
2,1556
2,1446
2,3430
2,7466
2,9194
2,8447
2,9535
2,7913
2,6910
1,30616
2,3798
2,2120
2,2349
2,3605
2,459
2,6130
2,13760
2,13713
2,4227
2,14146
3,22464
5,9490
2,16792
2,4406
1,34760
3,19428
2,15967
1,34779
1,33638
1,17642
2,13827
1,32523
1,34795
1,36564
2,13686
3,13992
1,37218
1,33654
2,10132
3,16075
2,3345
2,11337
1,567
2,8153
2,7492
2,11439
2,16667
2,13980
2,5871
1,12159
2,4968
2,6585
2,2709
2,14014
2,16707
1,4931
3,18987
1,9775
1,19385
1,19348
1,30902
1,38306
1,7409
4,21544
4,22110
4,21831
4,21971
4,21792
4,21932
4,22071
1,34620
2,3656
2,16403
2,16421
5,4094
2,13774
1,29073
1,39430
3,24298
4,20394
4,20696
1,28529
1,4611
1,33278
1,4242
1,27234
1,35011
4,13651
2,18290
2,18345
1,39468
1,37483
4,14493
4,10778
1,25572
1,33248
1,33319
1,33513
1,31451
1,15779
1,15476
1,7884
1,8483
1,27899
2,13045
1,29681
2,2379
5,7225
5,1267
5,3360
3,1224
5,3200
5,6443
2,390
5,3103
5,548
5,3040
5,10557
5,6597
5,5135
5,9297
5,4889
5,189
1,35361
5,4809
5,6351
5,6321
5,4666
1,37148
1,7555
1,37107
4,14806
1,38469
1,35259
1,37038
1,37072
4,23522
4,12010
4,10966
5,4793
1,24830
1,29850
2,2493
1,18903
1,4985
1,5040
3,3527
4,12234
4,11926
3,3435
1,14054
4,4576
4,375
4,18422
1,31456
4,7145
4,6912
4,8773
1,419
1,5855
3,4540
1,6910
1,6689
2,6939
1,34968
1,35624
5,7521
1,35283
1,18848
1,35407
2,14165
3,22483
1,31876
5,8119
5,10728
5,10818
5,9857
5,2913
1,19487
2,12567
3,17954
4,3043
1,29526
4,4358
4,4289
4,4682
3,10970
2,5545
2,11533
4,4694
3,7594
5,12505
5,8842
1,4789
1,32130
1,33430
5,4191
5,13141
4,4131
2,5458
1,14046
1,4028
1,14098
5,10443
5,10009
5,680
5,9982
5,10127
5,10414
4,19557
5,14437
2,1036
2,11915
2,985
2,561
2,241
2,13620
3,14537
3,2571
4,7633
5,9157
1,35388
5,4964
1,33002
1,19410
1,1075
2,3465
4,717
3,10251
2,2433
4,3819
1,38073
3,19556
3,10314
2,3525
2,3508
4,5752
1,342
2,6317
3,15890
3,15491
3,3071
1,38053
2,6144
1,32555
1,7030
1,1209
1,24139
1,23776
1,19280
2,3809
3,1616
2,2131
3,10126
1,32315
2,2360
2,3749
2,3616
3,13549
3,8545
3,1575
1,37559
4,7431
1,33446
1,33365
4,4503
4,18369
1,12840
3,22653
1,35091
4,641
4,1814
4,15666
5,1043
1,12139
1,36304
3,4862
3,5045
4,6966
1,24340
2,10706
3,6047
1,15484
1,11647
1,35420
1,8890
1,24575
5,10537
2,5258
1,37433
1,34935
2,12784
2,12601
4,8135
4,7995
4,8218
4,14404
1,20733
2,4804
1,20132
1,19797
2,6238
3,15344
2,12075
3,7081
3,24200
1,19256
1,4320
2,17332
2,16351
2,5364
1,18707
2,4629
1,19269
4,16418
1,38344
4,13899
4,11897
2,2467
3,4005
1,32954
1,32963
1,19573
1,32978
1,5049
1,32842
1,33047
1,32996
1,36819
1,19478
1,32858
1,32874
3,1747
1,33022
2,3928
1,36791
2,3888
1,33036
1,32900
1,326
1,32923
1,38398
1,32337
1,692
1,32395
1,36469
1,34297
3,8629
1,34340
1,34217
1,270
1,7019
1,32784
3,23944
4,14850
1,5185
4,866
5,6455
5,1739
1,6549
4,2651
1,19427
5,967
5,1088
5,12528
2,12155
5,172
2,8992
5,10216
1,3568
3,5322
1,25811
5,3450
5,2792
3,23116
3,23469
5,4111
1,35175
5,6874
5,13366
5,13497
5,1597
3,13153
2,1618
2,1722
2,10852
2,11494
2,11290
1,6699
5,8527
5,7145
1,14605
1,31098
4,8511
3,19549
4,20133
3,18677
1,25339
3,16042
3,15601
1,423
3,21754
1,30317
1,37398
2,117
2,17915
3,2140
3,16499
3,16547
4,15237
1,37889
1,38236
1,37874
5,9832
5,8594
3,6265
2,16949
4,19956
4,20108
4,23774
3,19720
1,21577
4,16839
5,11068
2,14273
1,20457
3,22002
1,34569
4,1639
5,5576
1,27477
1,27568
1,4260
4,3253
1,39174
2,9464
1,33406
1,35429
1,28466
4,7787
1,4125
1,26449
1,26377
1,26681
1,26513
1,25984
5,1988
3,12479
1,37929
4,10496
5,6404
5,1104
5,6991
5,1223
5,3761
5,7027
3,17399
5,5794
5,13436
5,13567
4,19132
4,4008
4,23604
4,23708
4,3925
4,19036
4,4420
4,7226
4,18530
1,26280
4,331
4,52
5,66
1,67
2,74
3,87
1,28244
1,28417
1,9575
1,28260
1,9702
1,38915
1,39735
2,6698
1,16352
5,7796
3,2068
3,14888
1,19317
2,12019
3,14431
3,2465
2,13595
3,14781
2,2785
1,13588
2,17714
2,17654
2,18405
2,18431
5,2052
2,7130
1,15811
2,7604
3,8119
2,7717
4,16298
4,1332
4,6506
4,7455
3,18967
3,19033
3,19276
1,36148
1,36186
1,36223
1,36169
1,36205
1,37630
1,36254
1,36139
1,3116
1,26618
3,17675
1,24594
1,11331
4,8732
2,16635
2,5284
2,470
2,14035
2,475
1,19871
1,17171
1,33548
4,8016
5,3776
5,1346
5,1323
2,5757
2,5771
2,12890
2,12700
3,7240
3,10997
3,5405
3,10745
3,11139
4,22723
5,12865
4,9997
1,11660
1,15251
4,3807
4,19014
2,12550
3,13364
1,15550
1,30376
1,16480
4,8334
4,7909
1,1088
4,10322
4,15306
4,1572
4,16064
1,36374
4,12238
1,35761
1,2751
1,21467
2,16187
1,25950
1,26031
1,20429
4,4179
2,16214
4,16825
2,18022
2,18378
2,17839
2,18202
2,17776
2,11858
2,928
2,724
2,18453
1,26164
1,28042
5,11697
2,14902
4,7895
1,35444
1,4001
3,5315
1,15053
1,20624
1,8313
4,22602
1,37170
3,21763
3,21430
4,8326
5,2970
3,3150
4,2732
1,33015
1,32731
3,14488
3,2522
3,7950
3,1120
3,4651
3,3738
1,31730
3,22158
2,16541
4,6005
3,17696
2,16477
3,208
3,9121
3,9025
3,7730
3,12900
1,8006
1,12409
1,10821
1,11066
1,10709
1,10803
3,16402
3,16018
2,2212
4,9733
5,13877
5,13241
5,12599
5,13460
5,13591
4,21773
1,26303
4,19635
4,16655
4,21037
4,18319
1,39501
4,16001
4,12218
4,12626
4,12221
2,15916
2,17301
4,7162
1,4070
5,9458
4,8968
1,9564
1,3839
1,12732
3,19061
3,17689
3,19042
3,18136
3,19125
3,18857
4,8821
1,16339
1,16002
4,19698
4,16721
5,5603
2,10434
2,17540
3,24090
5,14195
4,23919
1,38996
4,8300
3,12431
5,13668
1,17486
4,21154
1,14797
1,8463
1,9290
1,14712
1,14369
1,14538
1,30087
1,28088
1,32750
2,10553
2,3736
4,13956
4,13627
2,15760
1,31970
2,12122
1,32041
1,36780
4,13353
3,5599
1,2959
1,36331
4,14871
3,16620
1,1465
2,12557
2,12841
2,12651
1,16427
1,38722
1,34732
4,1917
4,15140
4,11907
3,7981
2,5159
2,5237
3,4712
2,7480
2,7680
2,4121
1,2208
1,35452
3,336
1,34232
4,22705
3,12949
2,7395
2,12527
4,2872
1,1727
4,15108
2,10325
3,12176
2,14157
3,22475
1,36055
3,6292
3,6317
3,3006
3,820
1,36279
3,6450
3,3132
3,17205
3,6417
3,4677
3,4734
1,23870
1,16458
1,11748
1,10102
1,11850
1,11670
1,32738
1,32767
1,32697
1,12955
1,25906
4,20379
4,21022
4,18885
4,20866
4,19594
4,16810
4,22214
4,21229
1,25169
1,30418
2,14208
3,22531
4,18711
4,19847
4,22453
4,20682
1,26152
1,28329
1,29472
2,17883
2,17816
2,11699
2,769
2,11822
2,892
5,3140
5,3382
5,6766
4,7046
1,29631
4,613
1,26861
5,5565
4,1695
3,1824
3,2238
1,3697
5,8264
4,8535
1,32413
5,9501
2,6891
2,6832
2,7561
2,6287
2,7786
3,6222
1,21198
1,38806
4,12388
4,11430
4,13923
4,11605
4,12569
3,16995
1,15356
1,30176
1,16812
1,16011
2,6192
3,13026
1,14955
1,17608
3,15198
1,16655
3,16247
1,16727
2,16228
5,8054
5,8268
3,11116
4,1262
2,16867
1,31599
5,6265
4,13520
4,13883
4,13856
1,18643
1,19856
4,23293
4,210
1,36406
1,32439
1,256
1,37833
3,1688
4,1905
4,21304
4,22282
1,29966
4,19924
4,22897
1,30479
4,21093
4,20728
4,18964
4,20917
4,20426
2,14250
1,28394
4,19669
4,18779
1,26229
1,25230
3,22573
3,19014
4,9083
2,17634
4,9236
3,24178
4,24277
4,9342
1,39135
4,9367
4,4369
4,4300
3,21354
1,25729
1,3531
1,33458
4,10600
1,9758
4,6827
2,6726
3,18359
3,13814
3,9743
1,9869
5,10615
5,5089
5,8963
2,7093
3,9728
4,1202
4,502
3,7746
4,9763
4,9387
5,8706
4,9492
4,9093
1,15231
1,30156
3,12533
1,31776
1,16790
3,23643
3,23111
3,23490
1,16720
4,6045
4,18854
1,24324
1,28898
1,28307
4,20996
1,29410
3,19667
1,30525
4,21009
4,18872
4,22440
4,20669
1,26400
4,20567
1,28338
1,29481
4,23493
1,29250
1,28642
5,12939
1,28029
1,27401
4,22392
4,21122
4,7189
4,8597
1,28437
3,23255
1,25047
1,31555
1,31285
1,23411
4,7779
1,14758
1,9366
1,15063
1,4821
1,24756
3,18699
1,14770
1,30119
4,4338
1,34374
1,11992
1,11935
3,17423
1,13125
1,14510
1,30106
3,9560
1,9834
4,1081
1,4394
1,10745
1,11141
1,12317
1,12280
1,11782
3,15116
1,33911
1,36231
3,19002
2,13801
3,2978
1,33523
4,4892
3,24208
4,3304
1,12476
1,35872
4,18433
4,4592
4,4643
4,315
3,8396
4,3215
4,4864
3,9467
3,9425
1,18747
3,22076
5,3007
3,23043
1,33161
4,18535
5,13347
5,13478
4,5431
4,19126
4,4002
4,23598
4,23702
4,3919
4,4414
4,7220
1,26274
4,19692
5,13978
5,241
5,10518
1,35185
4,7385
5,9331
2,13498
4,23662
3,11577
3,12155
5,4250
5,1448
5,4580
1,20640
2,16021
1,23024
2,1774
2,13640
1,38080
1,35460
1,23696
3,8099
2,18310
2,18365
1,39488
3,19540
2,610
4,7796
3,388
5,4829
5,8879
1,38495
1,35305
1,31120
5,2048
5,7776
5,7704
5,8240
1,4810
1,24745
3,7067
2,7444
2,11104
2,11262
2,11417
2,1598
2,1482
1,38022
2,11017
2,1703
2,10833
3,17572
2,10903
2,16803
5,6067
5,5612
5,7095
5,9887
5,561
5,7669
5,5150
5,5163
5,5449
5,1521
5,2494
5,5724
5,13623
5,3934
5,7682
5,1312
5,5359
5,4274
5,4324
5,4356
5,5861
5,4465
5,5756
5,4237
5,10772
5,4259
5,1361
5,8022
5,4442
5,2571
5,13030
1,37466
5,6080
5,5833
3,17367
1,27033
1,4558
1,27217
5,5943
4,1184
4,484
1,858
5,12851
4,7450
4,11656
4,11274
4,12346
3,18393
4,15300
4,16058
4,12620
3,12885
4,22740
4,9502
4,3287
3,9450
1,6358
4,8258
4,8265
2,3084
2,3040
3,16960
5,5217
5,1944
5,3807
5,2989
5,3791
5,1851
5,5249
5,1880
5,4307
5,4596
5,606
5,7299
5,7411
5,7380
5,7452
5,2943
5,7331
5,9874
5,5487
5,5176
5,6950
5,199
5,1
5,92
5,13838
5,12891
5,14009
5,13407
5,13538
5,3352
5,6589
5,181
5,4785
1,35399
5,13133
5,12520
5,1922
5,903
5,14033
5,10793
5,1746
5,14109
5,13271
5,796
5,6814
5,10117
5,12711
5,5230
5,2020
5,264
5,5202
5,7122
5,1112
5,9444
5,375
5,1574
5,9272
5,336
5,14221
5,2200
5,1010
5,2259
5,10296
5,2097
5,2353
5,1807
5,10809
5,9766
5,313
5,409
5,9591
5,3421
5,9669
5,622
5,7860
5,7879
5,2956
5,13606
5,8140
5,5954
1,20383
2,2645
2,2869
4,15982
5,9896
5,12704
4,2243
4,10620
4,12682
4,12964
1,38799
1,35731
3,18686
1,29340
2,8410
2,8968
2,7777
2,7581
1,7326
3,14544
3,2578
1,13663
3,7330
3,7450
3,7514
3,7491
3,7384
3,7555
4,7485
3,18518
5,9470
1,12381
2,5507
3,16282
2,7546
4,13603
4,7714
3,17493
3,17259
1,35102
1,14580
1,18007
5,1245
1,24820
3,10953
1,26762
1,7232
2,16910
3,23079
1,14559
3,22279
1,2172
1,13842
1,29715
1,7337
1,2542
3,22730
1,594
3,14015
2,3018
2,17023
1,29763
1,24905
1,10347
1,31414
1,18468
1,2995
1,28140
3,16161
1,19246
1,18697
1,29867
4,7757
5,9163
4,5094
3,17454
1,19231
1,18682
3,18473
4,23005
1,31801
3,22202
3,15205
1,24885
5,9775
1,24992
3,8065
1,7664
3,2951
3,2886
1,19136
3,9810
1,20928
1,4050
4,23162
5,14078
3,22663
1,25483
1,31369
2,3138
1,15712
3,17558
3,3542
4,1547
1,1713
5,13257
5,12541
4,21383
4,15590
4,13412
4,13777
4,11348
4,11376
4,11542
1,35850
4,13944
4,12375
4,14201
4,12504
4,12417
4,12444
4,12547
4,6729
3,18254
3,19563
3,19451
2,8510
2,9588
2,7994
3,18021
3,18172
1,35470
2,6121
1,37084
3,14466
3,2500
2,11478
2,4640
1,18112
1,17382
2,6665
3,13043
2,5348
3,12584
2,6209
1,3503
2,2323
2,5517
1,12635
3,4767
4,1091
1,29098
1,19175
1,18546
4,11917
4,219
4,24034
4,10832
4,20250
4,9299
3,17094
1,28203
3,21236
3,23197
3,23538
1,6856
2,1685
3,11409
3,452
3,17022
5,4119
3,19090
3,17341
3,16860
1,37375
3,2176
3,16833
3,147
2,4000
1,19594
1,12787
2,6335
2,6159
5,3999
2,16563
2,4036
5,2707
3,17071
1,6983
1,4977
2,4758
2,11207
1,5636
2,9212
2,8465
2,9553
2,7931
2,6928
3,328
1,11836
3,16825
3,3799
1,4888
1,35195
5,10491
3,3319
3,3474
3,11089
3,3291
3,1857
1,36654
3,3167
3,3032
3,2790
3,2930
3,10904
3,3807
3,1410
1,5787
2,3971
1,32588
3,18572
1,17897
1,34117
1,4965
3,19152
2,8800
2,8250
3,17119
1,16685
2,4349
2,9421
2,4417
2,4182
3,16731
1,24010
5,10286
1,160
1,33978
1,6556
1,24224
3,12496
5,7042
1,37946
5,10571
5,361
1,38711
1,14238
1,30010
1,38328
4,11222
5,8201
3,12981
5,10192
3,12860
3,16443
4,13724
4,4250
3,3904
1,7744
2,15750
5,1529
3,135
3,3155
3,3605
3,304
3,12269
3,1327
5,3956
3,13512
3,441
3,1240
1,6118
3,2922
3,3562
3,3209
3,3401
3,3631
3,2865
3,9094
2,9290
3,1842
3,2775
2,2019
2,4076
2,1987
1,23549
1,1637
2,10311
2,9844
2,16379
2,16500
2,16619
1,24180
1,23937
2,10454
2,16273
4,10260
5,6534
5,2900
5,14041
2,2419
5,8602
5,8992
5,9038
1,16042
5,9070
5,3694
5,2921
2,11637
1,2605
1,7992
1,8931
1,15084
1,15871
1,10162
1,29399
1,13952
1,14292
1,13678
1,13525
1,13999
1,13381
1,9581
1,10000
1,29609
1,9344
1,14689
1,14515
1,30064
1,28065
1,14735
1,13818
1,29691
1,14346
1,9413
1,10089
1,7219
1,14546
1,7372
1,13249
1,9077
1,24953
1,9512
1,9004
1,19113
1,18726
1,13331
1,15143
1,4152
1,26877
1,670
4,3727
1,4896
4,12795
1,3088
3,18800
3,16292
4,13390
1,21146
4,12985
1,24292
1,13552
2,16686
4,10314
1,14480
2,16307
2,13999
4,13091
4,13184
4,12326
1,24557
1,24487
1,19893
1,12559
1,30279
1,3621
1,11261
1,11103
2,10350
1,28974
1,12234
1,12328
1,5900
2,16141
2,9482
1,2096
1,2193
1,11182
1,16242
3,15631
1,24462
1,25618
4,15787
1,7647
4,5159
4,18287
4,16195
1,36415
4,19186
4,23968
4,136
4,16326
4,2153
4,5393
4,10399
4,1405
4,957
4,21189
4,24067
4,24146
4,1152
4,591
4,24045
2,16157
4,3840
1,3260
4,24116
4,2658
4,88
1,2391
3,11121
1,36394
1,32427
1,32180
2,13852
3,3753
1,36763
1,2242
1,8470
1,8496
1,8451
1,8523
1,12942
1,13065
1,8369
1,14923
4,12701
1,8556
4,23130
1,1942
1,14873
2,11375
2,6517
3,3950
3,11590
2,9085
3,17732
2,6470
3,17859
2,3911
2,11391
2,15819
2,10944
2,11182
2,7407
2,17169
2,1818
2,2747
2,3305
2,8556
1,24086
2,7253
2,16999
1,19614
2,2522
2,17132
2,10
2,17575
2,1352
2,16888
2,1548
2,1438
2,3422
1,30608
2,3790
2,2112
2,2341
2,3597
2,451
2,14138
3,22456
2,16784
2,4398
1,34752
1,33630
2,13678
2,3337
1,559
2,11431
2,5863
2,4960
2,6577
2,2701
2,11486
2,11282
2,11096
2,11254
2,11009
2,1695
2,10825
2,10895
2,5918
2,10992
2,2143
3,6555
2,4991
2,17212
2,4609
2,15934
2,5110
3,6529
3,1552
2,7319
1,10837
1,11118
1,10724
2,1512
2,1585
3,12608
2,2979
2,17412
2,9737
3,14945
1,11983
1,11926
2,11366
3,13742
2,2891
2,7831
2,4652
2,9869
2,7856
5,9383
1,10475
3,11919
5,9128
2,3298
4,14447
2,3265
3,10563
4,2217
5,7595
4,8793
5,7623
5,8301
5,4838
5,2548
3,2896
5,8888
1,18068
5,5742
5,322
5,2833
5,13637
5,7532
5,3512
3,10554
5,428
5,8778
3,12655
3,21919
4,22345
1,18954
4,8034
5,1560
4,1706
2,3576
4,10513
1,36177
5,10398
1,32864
1,305
1,6213
1,6055
2,5714
3,15222
1,26828
1,427
5,10969
4,8091
4,21618
4,3691
4,3144
1,21379
1,10140
4,1676
1,7779
1,5311
4,23227
1,17339
4,14117
1,38652
5,13443
5,13574
2,17060
4,11477
4,11417
4,11354
4,11382
4,13870
3,23385
4,5696
2,10496
2,11271
2,10884
1,6381
5,9747
1,8681
1,15286
3,18865
3,19787
1,21644
4,16906
5,11135
2,14340
1,30516
1,14036
1,29893
1,14165
3,5525
1,7187
2,13272
2,1082
1,32622
1,537
2,5646
1,34245
1,34771
3,753
3,8715
1,6103
1,36357
1,32605
3,5388
1,1424
1,6824
3,1145
2,16004
1,9305
4,13642
4,14484
3,15505
2,6636
4,10768
4,13632
4,13580
4,13971
4,13666
4,13712
5,12629
1,431
1,32880
1,34561
1,20421
1,35108
3,23125
3,23478
1,35018
5,10916
4,8113
4,20190
3,21898
3,23637
3,23105
3,23484
3,22694
1,34582
1,25959
4,23046
4,7680
1,26473
1,26285
4,23375
1,26553
4,9747
1,36994
1,2041
5,2222
4,14664
4,8913
1,19762
5,9974
1,23101
4,21340
5,10553
5,1957
5,1897
1,35203
4,11307
1,21005
4,12460
1,2781
4,2463
4,22928
1,31356
4,11930
4,12365
4,11297
4,11960
2,10258
1,1807
3,15416
4,12115
4,10914
4,11941
3,4756
1,38366
1,38350
1,3017
1,25106
1,36106
1,18180
1,8781
1,20023
1,37986
1,18369
2,17401
3,17844
2,13887
4,2023
4,22150
4,21871
4,22011
4,10282
1,14783
3,9488
1,23837
1,9688
1,13941
1,14281
2,1940
1,7868
3,22267
1,2530
4,22787
3,17306
3,7818
3,6012
4,9983
4,20240
2,8980
3,50
2,7117
1,33472
4,19452
4,9584
1,39096
4,9259
1,39164
4,3125
1,27483
1,27574
4,9567
4,9635
3,2209
1,2759
2,1787
4,2442
5,731
2,17733
2,14064
1,31070
3,19608
5,10893
4,16347
2,17673
4,21467
4,10006
3,1005
5,5989
5,3091
5,2482
3,1091
5,6564
1,24840
2,13702
2,7813
4,7194
4,7290
2,5624
2,5028
5,5114
1,9931
3,6112
5,4681
1,38213
1,20284
3,2844
5,437
1,11322
1,722
2,9527
2,10124
2,9663
2,10760
2,10808
2,10073
2,9814
1,10441
1,3427
2,10614
2,9617
2,9939
2,8625
2,9384
2,9701
2,8085
2,5926
1,17325
1,33935
3,11253
3,5626
3,17278
1,1773
2,363
4,22822
2,10521
3,5508
4,4998
5,9637
5,3161
2,219
2,1015
2,11894
2,964
2,540
2,421
2,11850
2,920
2,716
5,6717
4,3976
5,13810
1,38290
4,14454
1,7131
3,20648
1,22505
4,17767
2,16442
5,2740
4,13043
3,11069
1,7809
4,14782
4,1511
4,23497
1,26337
4,18644
4,23551
4,18544
4,18810
4,19498
4,5291
4,4243
4,14257
1,29214
4,15459
4,15712
5,1398
2,2874
1,6726
1,26539
1,26010
1,36601
3,8212
3,8334
1,37967
3,14684
3,2718
4,22746
4,13993
2,12052
5,9610
3,10606
1,11864
4,14737
3,5986
3,5840
1,6201
3,3269
3,3379
3,8983
3,3460
3,3548
3,3570
3,6974
3,7158
3,14390
3,8492
3,16379
3,3327
3,3217
3,7116
3,9676
3,3409
3,236
3,1
3,2268
3,7700
3,23811
3,2424
3,351
3,7265
3,7778
3,7032
3,13425
3,14292
3,3482
3,7582
3,8408
3,281
2,12901
2,12711
3,3639
3,18006
3,1158
3,19439
3,6495
3,10017
3,8915
3,970
3,941
3,23963
3,9048
3,9946
3,3584
1,9172
3,11011
3,9598
3,11097
3,3299
1,5482
3,7431
3,15000
3,1865
3,1889
3,1928
3,1971
3,1997
3,2102
3,12373
3,11712
2,8709
2,8179
3,19368
1,36662
3,12289
3,23264
3,5085
2,2837
2,8023
3,11817
3,4194
3,4221
3,1347
3,13751
3,15304
3,14104
3,3175
3,11871
3,1753
3,15421
3,1644
3,16202
3,11902
3,8742
3,3855
3,13196
3,6648
3,13066
3,10409
3,6092
3,2816
3,868
3,15068
3,16313
3,3040
3,2118
3,15978
3,23921
3,12669
3,16571
1,170
3,7888
3,9369
3,14922
3,3837
3,13178
3,2798
3,13603
3,6602
3,11602
3,18229
3,19390
3,23706
3,22041
1,19645
1,33988
3,23143
3,11495
3,19343
1,32192
1,5503
3,4248
3,23516
1,5585
1,9026
3,5125
3,13621
3,13955
3,24125
3,4604
3,15131
3,21827
3,8726
3,15923
3,15380
3,23669
3,15665
2,4825
3,16104
3,1270
3,18608
3,66
3,17963
2,7900
3,19415
3,13979
3,16062
2,8140
3,4849
3,18664
3,16029
3,6252
3,10645
3,10713
3,11361
3,9543
3,22145
2,8329
2,8887
3,18103
3,12142
3,22717
3,2938
3,2873
3,19077
3,8199
3,11482
3,19330
3,1460
3,22625
3,186
3,13313
3,10201
3,13687
3,1473
3,19308
2,1210
3,22301
3,2149
3,16508
3,10912
2,11038
3,6354
3,4515
4,10367
3,10479
3,6155
3,9185
3,23876
2,8378
2,8936
3,1190
2,2393
3,3682
3,19466
3,3815
3,15558
3,5158
3,5771
3,5419
3,17777
3,12765
3,10759
3,6123
3,4476
3,11153
3,10587
3,23011
1,12194
1,9952
4,11876
4,14132
5,5657
5,5808
5,3894
5,5466
5,2983
5,5460
5,5555
5,1457
5,4617
5,5340
5,4589
5,5902
5,8385
5,7957
5,8339
5,7820
2,4496
2,6086
3,12126
2,13402
1,16775
2,2792
2,3272
1,15421
2,17110
2,7890
1,16362
3,17149
2,5733
1,7385
2,13386
3,13141
4,20046
5,3338
5,3124
3,8284
3,16492
1,5772
4,4266
4,10858
2,12543
1,37520
4,21257
1,31322
4,18915
1,30958
1,25937
1,26018
4,19877
4,21050
4,19622
1,24384
1,25190
1,30045
1,29254
1,26639
1,26454
1,25883
1,29500
1,29146
1,28986
1,29283
1,27812
1,21558
1,23130
1,30542
1,30439
1,28646
1,30298
1,30127
1,29038
1,27293
1,28354
1,31051
1,28587
2,17349
2,17447
3,21563
1,30251
5,13066
5,13690
4,22478
1,27440
3,19695
4,22239
1,28540
1,28906
4,18736
1,27062
1,27252
1,26181
4,23865
5,14128
3,24030
1,38928
2,17466
3,21461
4,11516
4,9651
5,6752
5,8246
5,2718
5,3466
5,6611
1,34092
3,10384
2,15978
3,11651
3,3782
4,1822
4,1941
4,3895
4,22337
4,18636
4,23543
4,18802
4,5283
4,19489
4,23316
3,10666
4,5639
2,13878
2,16106
4,5703
5,12615
5,13984
3,17135
3,12000
3,15527
4,1133
2,7153
1,18717
2,6962
2,7731
2,7012
2,7225
2,7461
2,6905
1,34790
1,33649
1,19264
2,7556
2,7112
2,7808
2,7220
2,7077
2,9134
2,2922
1,30325
4,19709
1,34545
2,17190
2,15871
1,31134
5,12658
3,22019
1,35478
5,8624
1,31378
3,6024
5,6098
1,11969
5,5851
1,12023
4,8507
5,13092
5,6646
5,6204
5,5639
5,9111
4,998
1,35780
1,33492
5,8278
5,581
5,7066
5,6999
5,7154
5,6545
5,7083
5,1231
5,6781
5,7112
5,7020
5,3769
5,3784
5,7035
5,3687
5,6557
5,1185
5,3854
5,3725
3,8770
1,33504
4,15208
3,17218
2,2181
1,435
4,23062
4,7696
1,15600
4,15739
4,18444
4,4431
4,6294
4,282
1,34395
3,22930
3,18822
1,439
1,33959
3,11354
5,5074
1,24253
3,3536
4,8495
4,16312
4,11483
4,294
4,4449
4,6312
4,22974
4,18458
4,2270
4,10649
4,11752
4,11695
1,35487
3,1209
3,11056
3,8931
3,14593
3,2627
3,468
2,15894
1,630
5,12738
1,35913
2,9671
2,10768
2,11000
2,10816
1,36213
2,2151
1,38035
4,19533
4,5326
4,5152
4,16319
3,4048
2,492
1,26586
1,8064
4,7607
4,20074
4,6706
1,17653
1,2703
1,2311
1,17630
5,12911
1,35371
4,8202
1,26382
1,38570
1,33601
1,17768
1,11438
1,11499
1,17733
1,920
1,35325
1,17785
1,21242
1,30211
5,13214
4,20591
1,20449
1,35753
2,1471
5,10801
1,14865
1,31043
1,20743
5,1754
1,1856
1,26609
1,26421
1,3467
1,1170
1,24979
1,26081
5,10857
4,3027
4,3379
2,1109
3,16002
2,9255
4,1373
4,5243
2,10931
2,8550
2,8688
1,444
1,32887
1,411
2,1297
1,32779
1,32085
1,15194
1,27990
4,5503
4,71
1,38046
5,85
1,86
2,93
3,106
5,5590
5,14407
5,14359
5,8191
1,11007
1,37659
1,37530
1,37680
1,37638
1,37621
1,12778
1,37567
1,35496
2,4689
1,18459
1,29005
1,24725
1,4875
1,4675
1,29028
4,4116
3,10029
4,12514
4,12425
1,20879
4,5687
4,6016
1,36910
4,10443
1,450
5,10660
4,12382
4,11424
3,508
4,836
4,9937
3,7422
5,10058
5,10356
5,10275
4,16744
4,19226
2,18090
2,12201
4,19862
4,16534
4,18928
4,18900
4,20881
1,28918
4,14986
4,13680
4,13813
4,21582
5,13174
4,6681
3,15941
5,9734
3,1251
1,8899
3,10045
5,5127
1,32759
1,36262
1,6129
5,14058
1,16054
1,37576
1,3830
1,27041
1,4566
1,27225
4,2792
4,15183
4,10253
3,1263
3,1183
3,8927
4,15022
4,21345
4,15834
4,14633
2,12401
2,13191
2,12856
2,12666
2,1756
2,12335
2,12273
4,23854
1,38904
5,9093
5,5307
5,6622
5,8955
5,10909
1,33518
1,34602
5,8154
5,8233
5,5649
4,24332
4,523
3,15708
3,18181
3,23495
4,22697
2,16644
4,23645
4,13609
3,5335
3,10159
2,16179
5,10832
1,34576
4,2750
2,6629
4,13083
4,13176
4,16576
4,22780
4,8285
4,1188
4,488
4,16305
4,7035
4,7073
3,8638
4,11364
4,12535
3,10152
3,368
3,20331
1,22188
4,17450
1,12484
4,9723
1,18190
3,15396
4,12022
5,3401
4,10978
4,10850
2,13156
4,20618
2,4280
1,19041
1,7276
2,13838
1,13213
2,13864
4,15077
1,16784
4,1898
4,12288
2,2161
2,2999
1,11082
1,30367
4,23813
5,6690
5,14431
1,11977
1,16322
3,23332
4,2684
4,452
1,37734
1,37294
1,38563
1,13262
1,30661
3,22249
1,29179
1,10048
1,8236
1,13909
1,14249
1,27785
1,30021
1,7736
1,29206
1,27432
1,35947
5,2641
5,4201
5,2516
1,18144
3,21845
4,16161
4,22552
3,13855
2,9629
1,32457
1,12811
1,32478
2,9498
1,3176
2,9798
2,13214
1,38446
1,6255
2,1113
2,9171
1,32500
1,36541
1,5795
1,36700
1,18922
1,19325
1,21392
1,4412
1,32217
1,36722
1,5611
2,1301
1,36684
1,32237
1,30341
2,6553
1,18976
1,10595
2,8837
2,8287
1,19074
2,4934
1,15497
1,30922
2,13727
2,4241
1,24916
1,19434
2,4097
1,13472
1,24023
2,10569
1,123
1,18285
2,13920
1,31999
3,15470
1,32534
3,1586
1,17256
1,6835
2,1664
2,3979
2,4015
1,11815
1,36633
2,3950
1,32567
2,4328
1,13360
3,23685
1,36612
1,21415
1,5159
1,20257
1,8961
1,7692
1,9215
1,24512
1,10358
1,7907
1,4204
1,31642
1,13854
1,31259
1,23368
1,31512
1,31391
1,3787
1,25130
1,26113
1,29352
1,20683
1,26787
1,24847
1,21209
1,15958
1,23075
1,10220
1,31175
1,27719
1,5328
1,27340
1,31927
1,18603
1,5397
1,25269
1,34806
1,26932
1,27116
1,10489
1,28606
3,2303
1,26686
1,21317
1,27997
1,8341
1,8127
1,4281
1,7416
1,28154
1,24694
1,39022
1,28440
1,28266
1,19503
1,32143
1,1
1,31893
1,21090
1,3717
1,5229
3,23585
3,21207
1,4474
1,27002
1,27186
1,7487
1,7346
1,24649
1,1111
1,24191
1,32090
1,21436
1,12701
1,4644
1,17540
1,23452
1,24412
1,23948
1,20102
1,11379
1,19944
1,973
1,16188
1,21288
1,6590
1,6998
1,20897
1,18201
3,581
1,24303
4,20546
1,28119
1,4944
2,8779
2,8229
1,8910
1,15850
1,7198
1,8983
1,8430
1,14902
1,21358
1,10119
1,26316
1,26518
1,25989
1,17453
1,25916
1,18438
1,20751
1,13192
1,23347
1,29727
3,14829
1,1529
3,22969
1,23252
1,19825
1,10176
1,9612
3,4411
3,21288
1,20305
1,31745
1,1346
1,23161
1,2844
1,7061
1,4528
1,12291
1,28942
1,12211
1,9312
1,9452
1,8810
1,7963
1,29903
1,11466
1,13708
1,14059
1,7302
1,9650
1,11872
1,9090
1,33082
1,14384
1,11523
1,11689
1,11575
2,10283
2,9767
2,15714
1,36487
2,15772
1,1494
1,1050
2,1874
1,37120
1,6785
3,10802
1,36575
1,6963
2,1049
1,26040
1,6148
1,36742
1,32253
2,16658
1,19376
2,3647
1,36365
1,36270
2,6112
1,4879
2,9281
2,1978
1,23540
1,1628
2,16370
2,16491
1,24171
1,23928
2,16264
1,16033
1,13322
2,9076
2,15810
1,24077
2,7244
2,16990
2,2513
2,17123
2,1
2,17566
2,1343
2,16879
2,1429
2,3413
2,3781
2,2332
2,3588
2,442
2,14129
3,22447
2,16775
2,3328
2,15925
2,1503
2,1576
3,12599
2,9728
4,8784
1,7178
2,1073
1,32613
1,528
1,36348
1,32596
2,10799
1,36592
3,23954
1,5473
3,2093
3,15295
3,14913
3,24116
3,22136
3,11473
3,19321
3,22616
2,1201
3,22292
3,15549
1,32448
1,6246
1,5602
3,17629
3,4563
1,35505
1,3676
1,30594
2,1160
1,5983
1,32274
1,1756
1,5866
2,2288
2,11067
2,4161
2,1385
2,1250
1,32640
1,6570
3,11324
1,1290
1,38392
3,17638
2,8431
3,14571
3,2605
3,5544
3,5494
3,5018
3,14559
3,2593
3,5116
3,5149
2,9001
3,5249
5,13151
3,14458
3,2492
3,4794
5,7849
1,26252
1,1652
1,23309
1,31238
1,31486
2,5526
3,1067
1,1695
2,15765
3,6430
4,24307
4,792
2,434
3,6228
1,3770
2,372
3,21323
4,15867
4,15343
4,16144
4,14019
2,13116
3,20487
1,22344
4,17606
5,11835
2,15040
3,273
3,20452
1,22309
4,17571
5,11800
2,15005
5,10609
1,14988
3,661
3,982
4,8683
4,2410
4,14347
4,13672
1,11767
1,12046
1,11946
1,2361
3,1451
2,3319
1,12971
3,6814
1,12757
1,5553
3,11787
2,1223
1,32381
3,14621
3,2655
3,953
1,34024
3,19492
1,23592
2,2255
3,6563
3,23975
3,22314
4,1624
1,28292
2,2854
3,1076
3,915
3,9060
3,9958
3,1024
2,15737
3,16771
1,12465
1,32938
3,18461
2,7848
1,32893
1,317
5,7257
2,1339
1,8637
1,12875
1,26360
2,4999
1,18863
1,31670
1,24782
5,12943
3,22088
1,555
2,1069
2,1197
4,8131
4,7467
5,4760
5,5372
4,2769
3,18446
4,15043
5,4081
3,3926
3,12259
3,1317
1,23575
3,4911
2,3028
3,856
3,4837
3,14443
3,2477
3,8224
3,7644
3,11695
2,8634
2,9393
2,5476
2,9710
2,8094
3,4935
3,13280
1,6063
4,12407
4,15931
4,22187
4,13487
2,16762
4,3674
3,14808
1,1508
3,22948
1,23231
4,15350
4,3491
1,8075
4,708
3,19516
3,14612
3,2646
3,2032
1,772
4,10420
3,19642
4,5341
3,14047
1,822
3,16659
1,848
5,1549
1,634
1,3282
2,7306
3,12704
5,3149
5,3391
3,5942
3,5896
5,6775
3,10696
3,6675
3,7634
3,4806
3,7053
3,16652
3,7803
4,13210
4,19301
3,8128
3,8152
1,39281
1,39379
3,24247
2,17971
2,11792
2,862
1,39330
1,39218
1,39414
3,24282
2,18006
2,18074
3,5188
3,5801
3,5449
3,4627
3,4871
2,682
2,18147
4,3404
1,8579
3,22180
1,9542
1,4841
3,13440
1,10568
1,16143
1,1318
1,37096
2,11552
1,14196
2,11526
2,2900
1,23206
1,23290
2,1156
5,7264
5,8646
1,30196
5,4904
2,14084
3,22402
1,10906
4,11118
4,11092
4,11323
4,12470
1,3354
5,9627
1,33420
1,25081
3,16171
5,2083
5,4697
1,10971
1,37248
1,17905
1,3081
3,13584
3,15700
3,19593
5,3492
2,6355
2,7032
4,9068
2,6987
2,6179
5,8330
2,5138
5,3301
5,3316
5,5105
3,12311
4,11814
4,10822
1,35647
1,34942
5,1629
5,279
4,5221
3,4341
3,10436
5,13653
1,7048
1,34364
5,418
1,32677
4,241
4,24105
5,8537
5,5004
5,14117
2,10414
1,8758
1,15899
1,8661
1,2272
3,23368
3,23449
3,14003
1,25026
1,11353
1,17872
1,18047
3,11546
3,19633
3,3765
3,3728
5,3821
1,5294
1,2285
2,1531
2,13661
1,5438
1,2576
1,5377
1,17573
1,33728
4,6606
3,16891
3,7996
3,8759
3,7970
3,8088
3,8045
4,6170
2,9321
4,11018
4,12063
4,10866
4,420
4,8610
5,1762
2,10114
2,7451
5,6045
5,960
3,17004
3,14959
2,17220
2,4617
2,15942
2,17310
2,17248
2,15794
4,8043
1,7162
4,5134
2,1381
5,5032
2,6785
4,3965
3,15281
4,5790
1,27886
5,10253
3,15714
1,29321
1,38171
3,3281
3,3391
4,15117
4,7966
1,12131
2,3073
1,24163
1,37360
2,3496
1,6235
4,14464
3,9661
3,9530
4,14916
1,466
1,18379
2,4212
3,17082
4,11492
2,6870
2,5499
5,10229
1,28516
1,12575
4,9559
4,9627
4,9319
4,9513
1,5367
1,10275
1,28564
1,864
1,10401
1,27379
1,7757
5,826
2,5185
1,34613
4,15277
4,21756
4,16038
4,22385
4,8437
4,14565
4,14514
4,14819
1,24374
1,12666
4,5673
4,3135
4,3156
4,851
4,3185
4,3114
4,3206
5,2182
5,2070
5,1411
5,6415
5,1511
5,4432
5,1797
5,5330
5,5892
5,7102
5,7010
1,33076
2,8131
4,7179
1,23625
2,12800
2,12499
2,12918
1,6339
2,12617
2,12003
3,11186
1,37421
1,37344
4,8444
5,9922
1,34273
2,13318
3,766
1,35834
1,37605
3,4401
1,37229
1,34038
2,12728
3,13787
2,12239
3,11302
1,6531
1,34132
1,37391
3,13457
3,10505
1,5726
3,2912
3,11463
1,37368
1,36099
3,11246
2,2830
3,1637
3,23869
3,15783
1,37287
4,8777
1,36341
1,23585
1,34125
2,10028
3,6074
2,13446
2,10465
2,12994
4,8069
1,1144
1,6797
1,1401
1,1064
1,7120
1,6392
5,13279
1,2112
1,32291
1,34315
1,1334
1,23149
4,6948
3,4572
3,4375
4,14944
3,4355
4,14881
1,37201
1,34156
1,33822
1,31975
1,33665
1,17704
1,33771
1,33891
3,561
1,33708
1,37256
5,10091
1,37313
1,35514
2,13559
1,25798
2,17430
1,33028
1,34289
1,34332
1,35931
1,36047
3,23071
1,14338
1,9405
4,24138
3,4333
1,17852
1,25443
1,3685
3,23054
1,25424
5,12342
2,15547
1,35740
1,34838
1,32139
1,969
2,1425
1,33704
4,11232
1,13078
2,187
5,8227
4,13526
4,13889
4,13862
4,11472
4,6235
3,15608
1,33528
1,8181
2,12070
2,11233
1,11802
4,7989
1,8791
2,11143
1,11409
3,2162
3,16521
3,16556
3,3971
1,642
2,9918
4,2826
1,31024
4,8579
2,16132
2,11328
2,7752
2,6502
2,5453
1,5180
1,36775
1,30603
2,4677
2,5118
2,6449
2,11568
2,10638
2,9896
2,6768
2,4136
4,14418
1,6018
3,7830
1,24000
4,21608
1,7799
3,19506
1,12121
3,19578
5,12552
4,21394
5,10018
3,12551
1,18395
1,18251
2,17043
3,11981
1,18166
1,1185
1,13029
5,689
1,12980
1,13146
5,9991
4,7017
1,25451
1,14147
1,21265
1,38754
3,6823
2,2944
1,10698
5,10649
1,8711
1,35124
4,7510
4,7496
4,13751
4,11444
5,6850
5,6651
5,8358
2,1027
2,11906
2,976
2,552
2,232
4,24231
1,35771
4,24197
1,20538
1,20552
1,20472
1,17072
3,23893
3,17407
4,19718
4,16732
5,2784
5,8322
3,22068
3,1835
3,2249
1,2328
1,9914
1,2144
1,2022
1,1955
2,11940
2,7675
3,2263
5,5550
2,7726
1,3782
1,26108
1,26782
1,3712
1,12515
3,14850
1,1550
3,22990
1,23273
3,6394
2,12326
1,20372
2,9835
2,10220
4,11286
4,10022
2,1169
2,10722
3,10264
3,8578
4,7621
4,12360
2,10755
2,2176
1,6143
2,10334
4,9929
3,5638
3,12448
1,12113
1,5992
1,5961
1,1261
2,10058
2,10000
3,10626
1,215
3,9258
1,5941
3,10570
2,10035
3,18438
1,764
2,10020
1,32283
2,10100
2,13486
3,15972
3,1424
1,9893
3,5296
4,10704
3,17054
4,769
1,19846
4,14044
1,17991
1,20169
1,25014
2,9010
2,7627
1,23767
1,24151
1,36865
1,36897
1,37141
1,36797
1,2223
5,7498
1,35026
5,3623
5,3577
5,2468
5,503
5,2448
5,2367
5,2749
5,13015
5,4369
5,4346
5,4775
5,535
5,3862
5,2397
5,4560
5,1434
5,4451
5,4223
5,3880
1,30146
3,7013
2,7524
3,17942
1,23744
3,23062
3,18294
4,814
4,7329
2,16966
2,16120
5,6183
5,6175
1,16178
2,5267
2,5177
3,16223
4,9856
3,8380
4,14959
1,6368
3,16054
3,13656
1,12041
4,9554
4,9622
4,5046
1,4379
3,12852
3,7757
4,14613
4,2206
2,9051
4,6079
4,2318
4,12629
4,2392
4,14329
4,7167
5,8417
1,15687
5,12757
5,9545
5,6118
1,26840
1,4114
1,9209
1,9525
1,20278
2,3775
4,11842
1,33202
4,4987
4,21409
2,17033
2,3356
2,3532
1,646
1,34187
1,24133
1,36388
2,4170
2,3487
1,23788
1,29091
1,12766
1,27835
5,5704
1,6178
1,27280
3,1437
3,11171
3,8884
1,6482
3,19479
3,7568
3,10894
2,7986
3,16150
2,12252
2,13550
3,12735
5,4865
2,10420
1,28189
1,8039
4,22532
1,15791
4,10993
4,12038
2,7060
3,5868
3,5760
5,6839
4,15723
4,23410
4,23098
4,7405
4,23355
4,23469
4,23434
5,8257
5,2852
3,17291
1,34953
4,9000
4,14320
1,2429
1,14944
2,3852
1,31141
2,12963
4,16282
2,3401
1,33465
1,456
4,14578
1,12659
4,6626
5,1216
3,23250
4,10090
5,13779
5,4527
3,6537
1,17013
5,4555
4,11863
5,4495
3,12356
4,11891
3,23424
3,1880
3,4185
3,3828
3,3898
5,13631
5,3717
1,8802
5,8496
3,3872
3,12161
4,14147
1,12524
2,13162
5,3711
4,14572
2,10108
2,13494
5,6495
1,37751
4,8520
4,7704
4,7558
4,13600
4,6603
1,13885
1,9138
4,21361
1,7146
1,32826
1,31772
1,33068
3,24018
3,7762
2,2733
1,24621
1,27936
1,8113
4,14184
3,13344
1,4913
3,11637
2,6454
1,19769
2,9298
5,948
4,16086
4,14393
4,15923
4,16009
2,16534
4,6905
4,8766
1,38339
2,11956
1,5936
2,10015
3,6953
4,3397
1,8572
1,9535
1,4834
5,1640
4,8363
4,7112
4,7916
1,8323
1,8018
1,8601
1,26562
1,4796
4,18355
2,17318
3,21309
3,21343
1,26628
1,26774
2,4883
2,2718
5,4295
2,380
1,39369
3,24237
2,17961
1,39404
3,24272
2,17996
1,38191
4,15200
3,10782
2,652
2,12266
1,13283
1,8389
2,12216
1,8292
1,10417
2,18250
2,18188
3,15571
4,12253
4,13549
4,16504
4,14714
1,2412
4,6715
4,7615
4,4634
1,24769
4,6870
4,20158
4,8460
4,7154
4,7355
3,21433
4,8030
4,7031
4,19786
3,263
1,10081
2,10084
2,13470
2,1394
3,9507
1,578
3,9579
2,4728
3,9649
3,842
3,18001
3,16197
3,18098
2,2388
3,17772
2,2250
3,4832
3,13579
3,15695
3,19588
3,9154
3,9794
3,13371
2,2691
2,10205
3,13882
2,13453
2,4777
2,4954
2,5447
2,9952
3,17897
1,33072
4,7365
4,7934
3,798
3,20961
1,22818
4,18080
1,10408
3,12792
2,604
3,8039
4,7603
1,30567
4,7591
3,7353
3,7473
3,7537
3,8619
1,34074
2,1276
3,11834
1,20033
1,5571
1,32666
1,19718
3,8835
5,3503
4,9687
4,9328
4,7423
4,7442
4,18493
4,4483
4,10137
4,10178
4,345
4,9471
4,9412
4,5182
4,6786
4,12659
1,17980
3,6665
1,9109
1,15117
4,4466
4,18469
4,336
1,34630
3,18073
1,13012
4,3601
3,16754
3,7928
3,8078
3,10682
3,10734
3,8455
3,10224
3,10454
3,1944
1,34057
2,1259
1,32649
3,10179
3,10301
2,294
3,1397
1,5923
3,11211
3,11274
2,13309
2,11738
2,808
3,14360
3,21700
3,22891
1,27386
1,28577
4,13829
1,10425
2,9448
4,13444
2,12164
1,10264
1,6579
2,10440
4,11716
3,1850
3,2783
5,9379
5,3525
3,16677
2,15888
1,33101
4,16287
1,38694
1,27493
1,27584
2,13899
4,20142
3,9407
1,33042
3,21177
2,16360
3,14090
4,8098
1,36315
1,38358
1,30586
1,16118
5,12923
5,12875
1,38005
1,37772
4,4657
4,8648
1,34149
1,32906
1,1367
1,23182
1,8053
2,16195
1,3992
1,27841
1,34438
1,3112
1,38687
5,1192
1,11292
3,18506
3,21910
1,30228
3,17375
3,17903
3,17536
1,15028
1,33186
1,34644
1,29066
3,18708
1,332
2,2457
3,1737
2,3878
1,32913
5,7195
1,4848
1,33350
4,24206
4,16467
4,21697
4,19248
4,16556
4,20002
4,21524
4,18339
4,8898
5,3296
2,5148
2,17758
2,591
2,18297
2,18352
1,39475
4,23781
1,37504
3,23007
3,10041
4,24220
4,24186
3,23020
1,30111
1,12262
1,12368
4,4616
4,18480
4,322
5,5710
5,6884
5,7972
1,18508
1,34430
1,33540
5,8475
4,7659
4,23300
4,23191
4,23334
1,37499
3,22596
5,13798
4,18497
4,4487
4,10141
4,10182
4,349
1,39541
1,31854
2,18220
2,18158
1,39550
1,39590
1,39630
4,24379
1,39670
1,39711
4,12
5,26
1,27
2,34
3,18
1,38814
4,16671
3,23826
3,23099
4,19457
4,7135
1,28033
2,7865
1,33482
1,2972
1,33556
4,8024
1,8670
4,20639
4,7439
1,34480
4,4511
4,361
4,18511
5,14066
5,791
1,38706
4,5275
2,16073
1,12246
2,13960
3,16451
1,11542
1,16508
2,9927
1,34349
1,16570
1,11708
2,10965
2,5679
2,10345
1,17334
4,22817
1,23751
1,16601
2,11964
3,17467
1,23862
1,16541
1,11594
1,12340
1,16123
1,12453
1,10893
1,16393
1,15134
1,5847
2,13001
1,1786
3,23234
4,13789
2,3542
3,8866
1,20955
5,9484
5,6227
5,6159
5,7690
1,12629
2,14056
2,16734
4,14038
4,13068
4,13145
3,6713
3,6695
3,23913
3,13221
3,7407
4,10719
3,12365
2,13080
3,21552
5,13045
1,27405
4,22396
1,29057
4,6440
4,1799
4,23453
4,6568
4,20543
1,32929
1,463
1,38856
3,13534
1,27499
1,27590
4,6203
4,1655
4,821
1,17294
5,10103
1,7935
1,27970
1,26993
1,27177
1,4519
3,21425
3,22688
1,33569
4,6376
4,20042
4,6393
4,8272
4,7520
5,1974
4,6246
2,2233
4,6496
4,3066
4,6386
4,20069
4,20029
